,time,std_time,open,high,low,close,tick_volume,spread,real_volume,ema20,ema50,ema_cross,take_profit,stop_price,stop_loss
1,1740153600,25-02-21 16:00,1.04747,1.04797,1.04726,1.04749,1143,8,0,0.0,0.0,False,0.0,0.0,0.0
2,1740154500,25-02-21 16:15,1.04749,1.04771,1.04713,1.04767,758,8,0,0.0,0.0,False,0.0,0.0,0.0
3,1740155400,25-02-21 16:30,1.04768,1.04786,1.04696,1.04778,1132,8,0,0.0,0.0,False,0.0,0.0,0.0
4,1740156300,25-02-21 16:45,1.04871,1.0492,1.0478,1.04807,1388,8,0,0.0,0.0,False,0.0,0.0,0.0
5,1740157200,25-02-21 17:00,1.04789,1.04855,1.04661,1.04665,1387,8,0,0.0,0.0,False,0.0,0.0,0.0
6,1740158100,25-02-21 17:15,1.04666,1.04683,1.0454,1.04541,1441,8,0,0.0,0.0,False,0.0,0.0,0.0
7,1740159000,25-02-21 17:30,1.04541,1.04607,1.04521,1.04545,1276,8,0,0.0,0.0,False,0.0,0.0,0.0
8,1740159900,25-02-21 17:45,1.04545,1.04609,1.0453,1.04536,1147,8,0,0.0,0.0,False,0.0,0.0,0.0
9,1740160800,25-02-21 18:00,1.04535,1.04572,1.04517,1.04535,1018,8,0,0.0,0.0,False,0.0,0.0,0.0
10,1740161700,25-02-21 18:15,1.04534,1.04543,1.04487,1.04507,946,8,0,0.0,0.0,False,0.0,0.0,0.0
11,1740162600,25-02-21 18:30,1.04506,1.04566,1.04496,1.04561,762,8,0,0.0,0.0,False,0.0,0.0,0.0
12,1740163500,25-02-21 18:45,1.04561,1.04562,1.0449,1.04541,748,8,0,0.0,0.0,False,0.0,0.0,0.0
13,1740164400,25-02-21 19:00,1.04541,1.04581,1.04519,1.04539,777,8,0,0.0,0.0,False,0.0,0.0,0.0
14,1740165300,25-02-21 19:15,1.04538,1.04582,1.04514,1.04579,662,8,0,0.0,0.0,False,0.0,0.0,0.0
15,1740166200,25-02-21 19:30,1.0458,1.04617,1.04551,1.04614,749,8,0,0.0,0.0,False,0.0,0.0,0.0
16,1740167100,25-02-21 19:45,1.04612,1.04637,1.046,1.04625,610,10,0,0.0,0.0,False,0.0,0.0,0.0
17,1740168000,25-02-21 20:00,1.04624,1.04674,1.04597,1.04606,853,9,0,0.0,0.0,False,0.0,0.0,0.0
18,1740168900,25-02-21 20:15,1.04606,1.04612,1.04545,1.04567,1129,9,0,0.0,0.0,False,0.0,0.0,0.0
19,1740169800,25-02-21 20:30,1.04567,1.04606,1.04504,1.04596,908,8,0,0.0,0.0,False,0.0,0.0,0.0
20,1740170700,25-02-21 20:45,1.04595,1.04617,1.04556,1.04593,794,8,0,1.0462030000000002,0.0,True,0.0,0.0,0.0
21,1740171600,25-02-21 21:00,1.04591,1.04628,1.04568,1.04624,753,9,0,1.046206523809524,0.0,False,0.0,0.0,0.0
22,1740172500,25-02-21 21:15,1.04624,1.04652,1.04612,1.04635,726,8,0,1.0462201882086168,0.0,False,0.0,0.0,0.0
23,1740173400,25-02-21 21:30,1.04635,1.04659,1.046,1.04622,728,8,0,1.0462201702839866,0.0,False,0.0,0.0,0.0
24,1740174300,25-02-21 21:45,1.0462,1.04636,1.04599,1.0462,772,9,0,1.0462182493045593,0.0,False,0.0,0.0,0.0
25,1740175200,25-02-21 22:00,1.04611,1.0464,1.04603,1.04629,744,10,0,1.046225082704125,0.0,False,0.0,0.0,0.0
26,1740176100,25-02-21 22:15,1.04629,1.04634,1.04605,1.04608,572,10,0,1.0462112653037323,0.0,False,0.0,0.0,0.0
27,1740177000,25-02-21 22:30,1.04608,1.04623,1.04585,1.04605,608,9,0,1.0461959067033768,0.0,False,0.0,0.0,0.0
28,1740177900,25-02-21 22:45,1.04605,1.04614,1.04572,1.04602,611,8,0,1.0461791536840077,0.0,False,0.0,0.0,0.0
29,1740178800,25-02-21 23:00,1.04602,1.04616,1.04591,1.04597,380,8,0,1.0461592342855308,0.0,False,0.0,0.0,0.0
30,1740179700,25-02-21 23:15,1.04597,1.04601,1.04581,1.0459,273,8,0,1.0461345453059565,0.0,False,0.0,0.0,0.0
31,1740180600,25-02-21 23:30,1.0459,1.04602,1.0457,1.046,199,8,0,1.046121731467294,0.0,False,0.0,0.0,0.0
32,1740181500,25-02-21 23:45,1.046,1.04605,1.04495,1.04571,328,8,0,1.0460825189465992,0.0,False,0.0,0.0,0.0
33,1740355200,25-02-24 00:00,1.04677,1.04678,1.04626,1.04654,86,9,0,1.0461260885707326,0.0,False,0.0,0.0,0.0
34,1740356100,25-02-24 00:15,1.04654,1.04655,1.04598,1.04631,109,22,0,1.0461436039449485,0.0,False,0.0,0.0,0.0
35,1740357000,25-02-24 00:30,1.04631,1.04715,1.04624,1.04701,465,27,0,1.0462261178549535,0.0,False,0.0,0.0,0.0
36,1740357900,25-02-24 00:45,1.04704,1.0477,1.04681,1.04741,605,8,0,1.046338868535434,0.0,False,0.0,0.0,0.0
37,1740358800,25-02-24 01:00,1.04732,1.04842,1.04709,1.04793,511,8,0,1.0464904048653927,0.0,False,0.0,0.0,0.0
38,1740359700,25-02-24 01:15,1.048,1.0481,1.04759,1.04793,378,9,0,1.0466275091639268,0.0,False,0.0,0.0,0.0
39,1740360600,25-02-24 01:30,1.04793,1.04811,1.04772,1.04811,382,8,0,1.0467686987673623,0.0,False,0.0,0.0,0.0
40,1740361500,25-02-24 01:45,1.0481,1.0481,1.04726,1.04734,532,8,0,1.046823108408566,0.0,False,0.0,0.0,0.0
41,1740362400,25-02-24 02:00,1.04734,1.04805,1.04715,1.04803,573,8,0,1.046938050464893,0.0,False,0.0,0.0,0.0
42,1740363300,25-02-24 02:15,1.04803,1.04981,1.04792,1.04964,785,8,0,1.047195378992046,0.0,False,0.0,0.0,0.0
43,1740364200,25-02-24 02:30,1.04964,1.04992,1.04901,1.04925,801,8,0,1.0473910571832798,0.0,False,0.0,0.0,0.0
44,1740365100,25-02-24 02:45,1.04924,1.05067,1.04923,1.05037,1079,8,0,1.0476747660229675,0.0,False,0.0,0.0,0.0
45,1740366000,25-02-24 03:00,1.05037,1.051,1.05025,1.05076,1210,8,0,1.047968597830304,0.0,False,0.0,0.0,0.0
46,1740366900,25-02-24 03:15,1.05076,1.05121,1.05043,1.05073,949,8,0,1.0482315885131321,0.0,False,0.0,0.0,0.0
47,1740367800,25-02-24 03:30,1.05078,1.05163,1.0502,1.05162,1052,8,0,1.0485542943690243,0.0,False,0.0,0.0,0.0
48,1740368700,25-02-24 03:45,1.05162,1.05202,1.05145,1.05175,1036,8,0,1.04885864728626,0.0,False,0.0,0.0,0.0
49,1740369600,25-02-24 04:00,1.05175,1.05236,1.05169,1.05193,1072,8,0,1.049151157068521,0.0,False,0.0,0.0,0.0
50,1740370500,25-02-24 04:15,1.05193,1.05206,1.05151,1.05188,958,8,0,1.049411046871519,1.0471135999999999,False,0.0,0.0,0.0
51,1740371400,25-02-24 04:30,1.05188,1.05271,1.05188,1.05264,990,8,0,1.0497185662170887,1.0473303215686274,False,0.0,0.0,0.0
52,1740372300,25-02-24 04:45,1.05265,1.05278,1.05214,1.05224,825,8,0,1.049958702767842,1.047522857977701,False,0.0,0.0,0.0
53,1740373200,25-02-24 05:00,1.05224,1.05241,1.05198,1.05217,482,8,0,1.050169302504238,1.0477050988413206,False,0.0,0.0,0.0
54,1740374100,25-02-24 05:15,1.05217,1.05252,1.05183,1.05187,790,8,0,1.0503312736943107,1.0478684282985236,False,0.0,0.0,0.0
55,1740375000,25-02-24 05:30,1.05187,1.05206,1.05164,1.05204,569,9,0,1.0504940095329478,1.0480320193456403,False,0.0,0.0,0.0
56,1740375900,25-02-24 05:45,1.05204,1.05213,1.0516,1.05189,487,8,0,1.0506269610060004,1.0481833127046347,False,0.0,0.0,0.0
57,1740376800,25-02-24 06:00,1.05189,1.0520100000000001,1.05138,1.0515,508,10,0,1.0507101075768575,1.0483133788730805,False,0.0,0.0,0.0
58,1740377700,25-02-24 06:15,1.05149,1.05151,1.05119,1.0512299999999999,451,10,0,1.0507596211409662,1.0484277561721753,False,0.0,0.0,0.0
59,1740378600,25-02-24 06:30,1.0512299999999999,1.05134,1.05113,1.0513,340,11,0,1.0508110857942077,1.0485403931850312,False,0.0,0.0,0.0
60,1740379500,25-02-24 06:45,1.0513,1.05155,1.0511,1.05151,380,10,0,1.050877649051902,1.0486568483542458,False,0.0,0.0,0.0
61,1740380400,25-02-24 07:00,1.05151,1.05151,1.05096,1.05134,775,8,0,1.0509216824755305,1.0487620699874125,False,0.0,0.0,0.0
62,1740381300,25-02-24 07:15,1.05135,1.05155,1.05108,1.05147,564,9,0,1.0509739031921466,1.0488682633212394,False,0.0,0.0,0.0
63,1740382200,25-02-24 07:30,1.05146,1.05189,1.05122,1.05182,602,8,0,1.0510544838405136,1.0489840177007987,False,0.0,0.0,0.0
64,1740383100,25-02-24 07:45,1.05182,1.05192,1.0514000000000001,1.05159,575,8,0,1.0511054853795123,1.049086213085081,False,0.0,0.0,0.0
65,1740384000,25-02-24 08:00,1.05159,1.05159,1.05108,1.05122,536,8,0,1.0511163915338444,1.0491698910033131,False,0.0,0.0,0.0
66,1740384900,25-02-24 08:15,1.0512299999999999,1.05136,1.05076,1.05096,472,9,0,1.0511014971020496,1.0492400913561244,False,0.0,0.0,0.0
67,1740385800,25-02-24 08:30,1.05096,1.05109,1.05046,1.05047,407,8,0,1.051041354520902,1.0492883230676489,False,0.0,0.0,0.0
68,1740386700,25-02-24 08:45,1.05047,1.05088,1.05007,1.05084,444,8,0,1.0510221778998639,1.0493491731434275,False,0.0,0.0,0.0
69,1740387600,25-02-24 09:00,1.05084,1.05142,1.05081,1.05108,967,8,0,1.0510276847665434,1.0494170487064303,False,0.0,0.0,0.0
70,1740388500,25-02-24 09:15,1.05108,1.05109,1.05027,1.0504,876,8,0,1.0509679052649679,1.0494555958159821,False,0.0,0.0,0.0
71,1740389400,25-02-24 09:30,1.0504,1.05075,1.04888,1.0489,999,8,0,1.0507709619063994,1.0494338077447671,False,0.0,0.0,0.0
72,1740390300,25-02-24 09:45,1.0489,1.04915,1.04863,1.04905,1001,8,0,1.0506070607724567,1.0494187564606585,False,0.0,0.0,0.0
73,1740391200,25-02-24 10:00,1.04911,1.04918,1.04809,1.04824,1280,8,0,1.0503816264131751,1.0493725307171033,False,0.0,0.0,0.0
74,1740392100,25-02-24 10:15,1.04824,1.04834,1.04693,1.04775,1000,8,0,1.0501309953262061,1.0493089020615307,False,0.0,0.0,0.0
75,1740393000,25-02-24 10:30,1.04779,1.04835,1.04745,1.04775,842,8,0,1.0499042338665674,1.0492477686473531,False,0.0,0.0,0.0
76,1740393900,25-02-24 10:45,1.04774,1.04846,1.04756,1.04795,720,8,0,1.0497181163554656,1.0491968757592216,False,0.0,0.0,0.0
77,1740394800,25-02-24 11:00,1.04796,1.04831,1.04766,1.0482,949,8,0,1.0495735338454213,1.0491577825921932,False,0.0,0.0,0.0
78,1740395700,25-02-24 11:15,1.0482,1.04842,1.04725,1.04742,767,8,0,1.0493684353839525,1.0490896342552445,False,0.0,0.0,0.0
79,1740396600,25-02-24 11:30,1.04741,1.0476,1.04717,1.04741,782,8,0,1.049181917728338,1.0490237662452349,False,0.0,0.0,0.0
80,1740397500,25-02-24 11:45,1.04741,1.04741,1.04685,1.04716,751,8,0,1.048989354135163,1.0489506773728727,False,0.0,0.0,0.0
81,1740398400,25-02-24 12:00,1.04716,1.04734,1.04665,1.04734,716,8,0,1.048832272788957,1.0488875135543287,True,0.0,0.0,0.0
82,1740399300,25-02-24 12:15,1.04736,1.04743,1.04678,1.04694,589,8,0,1.0486520563328658,1.0488111404737668,False,0.0,0.0,0.0
83,1740400200,25-02-24 12:30,1.04696,1.04728,1.0468,1.04716,661,8,0,1.0485099557297357,1.0487463898669525,False,0.0,0.0,0.0
84,1740401100,25-02-24 12:45,1.04716,1.048,1.04708,1.04797,597,9,0,1.0484585313745227,1.0487159432055033,False,0.0,0.0,0.0
85,1740402000,25-02-24 13:00,1.04798,1.04809,1.04712,1.04717,498,8,0,1.0483358141007586,1.0486553179817582,False,0.0,0.0,0.0
86,1740402900,25-02-24 13:15,1.04718,1.04728,1.04674,1.0469,340,8,0,1.0481990699006865,1.0485864819824735,False,0.0,0.0,0.0
87,1740403800,25-02-24 13:30,1.04685,1.04712,1.04635,1.04701,462,8,0,1.0480858251482401,1.0485246591596316,False,0.0,0.0,0.0
88,1740404700,25-02-24 13:45,1.047,1.04707,1.04674,1.04679,445,9,0,1.0479624132293601,1.0484566333102343,False,0.0,0.0,0.0
89,1740405600,25-02-24 14:00,1.04678,1.0472,1.04666,1.04696,537,8,0,1.0478669453027545,1.0483979418078722,False,0.0,0.0,0.0
90,1740406500,25-02-24 14:15,1.04696,1.0472,1.04642,1.04642,423,8,0,1.0477291409882064,1.0483203754624655,False,0.0,0.0,0.0
91,1740407400,25-02-24 14:30,1.0464,1.04655,1.04597,1.04601,411,8,0,1.0475654132750438,1.0482297725031533,False,0.0,0.0,0.0
92,1740408300,25-02-24 14:45,1.04601,1.04686,1.046,1.04684,554,8,0,1.0474963262964683,1.0481752716206767,False,0.0,0.0,0.0
93,1740409200,25-02-24 15:00,1.04685,1.04701,1.04643,1.04698,784,8,0,1.0474471523634712,1.0481283982237874,False,0.0,0.0,0.0
94,1740410100,25-02-24 15:15,1.04698,1.04733,1.04688,1.04706,698,8,0,1.0474102807098074,1.048086500254227,False,0.0,0.0,0.0
95,1740411000,25-02-24 15:30,1.04706,1.0475,1.04674,1.04681,777,8,0,1.0473531111183971,1.048036441420728,False,0.0,0.0,0.0
96,1740411900,25-02-24 15:45,1.04681,1.04698,1.04643,1.04664,762,8,0,1.0472851957737879,1.047981679012072,False,0.0,0.0,0.0
97,1740412800,25-02-24 16:00,1.04665,1.04692,1.04635,1.04642,735,8,0,1.0472027961762842,1.0479204366978732,False,0.0,0.0,0.0
98,1740413700,25-02-24 16:15,1.04641,1.04666,1.0461,1.04652,743,8,0,1.047137767969019,1.047865517611682,False,0.0,0.0,0.0
99,1740414600,25-02-24 16:30,1.04654,1.04656,1.04576,1.04591,1366,8,0,1.0470208376862553,1.047788830646518,False,0.0,0.0,0.0
100,1740415500,25-02-24 16:45,1.04589,1.04608,1.04524,1.046,1234,8,0,1.0469236150494692,1.047718680425086,False,0.0,0.0,0.0
101,1740416400,25-02-24 17:00,1.046,1.04698,1.04596,1.0469,1283,8,0,1.0469213659971388,1.0476865753103766,False,0.0,0.0,0.0
102,1740417300,25-02-24 17:15,1.0469,1.04701,1.04657,1.04666,1039,8,0,1.0468964739974114,1.0476463174550676,False,0.0,0.0,0.0
103,1740418200,25-02-24 17:30,1.04665,1.04691,1.0463,1.0468,1179,8,0,1.046887285997658,1.047613128535261,False,0.0,0.0,0.0
104,1740419100,25-02-24 17:45,1.04679,1.0469,1.04604,1.04684,1263,8,0,1.0468827825693094,1.0475828097691724,False,0.0,0.0,0.0
105,1740420000,25-02-24 18:00,1.04685,1.04704,1.04651,1.04665,1186,8,0,1.0468606128008038,1.0475462289939108,False,0.0,0.0,0.0
106,1740420900,25-02-24 18:15,1.04666,1.04713,1.04662,1.04694,763,8,0,1.0468681734864416,1.047522455307875,False,0.0,0.0,0.0
107,1740421800,25-02-24 18:30,1.04695,1.04725,1.04695,1.04715,854,8,0,1.0468950141067805,1.0475078492173702,False,0.0,0.0,0.0
108,1740422700,25-02-24 18:45,1.04717,1.04796,1.04695,1.04772,914,8,0,1.046973584191849,1.0475161688559047,False,0.0,0.0,0.0
109,1740423600,25-02-24 19:00,1.04772,1.04787,1.04678,1.0475,977,8,0,1.0470237190307206,1.0475155347831242,False,0.0,0.0,0.0
110,1740424500,25-02-24 19:15,1.0475,1.04776,1.04726,1.04762,852,8,0,1.0470805076944614,1.0475196314582957,False,0.0,0.0,0.0
111,1740425400,25-02-24 19:30,1.04765,1.04833,1.04751,1.0477,652,8,0,1.0471395069616556,1.047526704734441,False,0.0,0.0,0.0
112,1740426300,25-02-24 19:45,1.04771,1.04795,1.04709,1.0472,917,8,0,1.0471452682034026,1.0475138927840706,False,0.0,0.0,0.0
113,1740427200,25-02-24 20:00,1.04719,1.0479,1.04703,1.04785,702,8,0,1.0472123855173643,1.0475270734592053,False,0.0,0.0,0.0
114,1740428100,25-02-24 20:15,1.04785,1.04852,1.04783,1.04845,692,8,0,1.0473302535633295,1.0475632666568837,False,0.0,0.0,0.0
115,1740429000,25-02-24 20:30,1.04843,1.04847,1.0481,1.0482,655,9,0,1.0474130865572981,1.0475882365919078,False,0.0,0.0,0.0
116,1740429900,25-02-24 20:45,1.04821,1.04835,1.04776,1.04799,567,8,0,1.0474680306946984,1.0476039920196762,False,0.0,0.0,0.0
117,1740430800,25-02-24 21:00,1.048,1.04836,1.04799,1.04816,551,8,0,1.0475339325332986,1.0476257962541988,False,0.0,0.0,0.0
118,1740431700,25-02-24 21:15,1.04816,1.04817,1.04737,1.04753,697,8,0,1.0475335580063179,1.047622039538348,False,0.0,0.0,0.0
119,1740432600,25-02-24 21:30,1.04756,1.04814,1.04733,1.04742,939,8,0,1.047522742958097,1.0476141164191972,False,0.0,0.0,0.0
120,1740433500,25-02-24 21:45,1.04743,1.0477,1.04722,1.04746,710,10,0,1.0475167674382784,1.0476080726380523,False,0.0,0.0,0.0
121,1740434400,25-02-24 22:00,1.04747,1.0477,1.04726,1.04769,479,9,0,1.04753326577749,1.0476112854757758,False,0.0,0.0,0.0
122,1740435300,25-02-24 22:15,1.04769,1.04789,1.04687,1.04716,1200,8,0,1.0474977166558244,1.0475935880061376,False,0.0,0.0,0.0
123,1740436200,25-02-24 22:30,1.04716,1.04738,1.04655,1.04656,833,8,0,1.0474084103076506,1.0475530551431518,False,0.0,0.0,0.0
124,1740437100,25-02-24 22:45,1.04656,1.04682,1.04641,1.04646,771,9,0,1.047318085516446,1.0475101902355772,False,0.0,0.0,0.0
125,1740438000,25-02-24 23:00,1.04647,1.04656,1.04613,1.04652,283,8,0,1.0472420773720224,1.0474713592459468,False,0.0,0.0,0.0
126,1740438900,25-02-24 23:15,1.04654,1.04659,1.04635,1.04635,175,11,0,1.047157117622306,1.0474273843735566,False,0.0,0.0,0.0
127,1740439800,25-02-24 23:30,1.04635,1.04661,1.04626,1.04654,146,10,0,1.0470983445154196,1.0473925849863583,False,0.0,0.0,0.0
128,1740440700,25-02-24 23:45,1.04654,1.04676,1.04636,1.04671,231,8,0,1.0470613593234748,1.0473658169476776,False,0.0,0.0,0.0
129,1740442500,25-02-25 00:15,1.0466,1.04667,1.04658,1.0466,99,32,0,1.0470174203402867,1.0473357849105138,False,0.0,0.0,0.0
130,1740443400,25-02-25 00:30,1.04663,1.04671,1.04657,1.04668,114,30,0,1.0469852850697832,1.0473100678551996,False,0.0,0.0,0.0
131,1740444300,25-02-25 00:45,1.0467,1.0469,1.04645,1.04676,304,8,0,1.0469638293488515,1.0472884965667604,False,0.0,0.0,0.0
132,1740445200,25-02-25 01:00,1.04673,1.04682,1.04621,1.04621,264,8,0,1.0468920360775322,1.0472462025837501,False,0.0,0.0,0.0
133,1740446100,25-02-25 01:15,1.0462,1.04623,1.04611,1.04616,183,9,0,1.0468223183558625,1.0472036064039953,False,0.0,0.0,0.0
134,1740447000,25-02-25 01:30,1.04616,1.04639,1.04606,1.04638,247,10,0,1.0467801927981613,1.0471713081136427,False,0.0,0.0,0.0
135,1740447900,25-02-25 01:45,1.04638,1.04638,1.04599,1.04606,289,9,0,1.0467116030078603,1.0471277274033037,False,0.0,0.0,0.0
136,1740448800,25-02-25 02:00,1.04609,1.04626,1.04592,1.04601,355,10,0,1.0466447836737782,1.0470838949561154,False,0.0,0.0,0.0
137,1740449700,25-02-25 02:15,1.046,1.04607,1.04595,1.04601,237,9,0,1.0465843280857994,1.0470417814284247,False,0.0,0.0,0.0
138,1740450600,25-02-25 02:30,1.04601,1.04621,1.04597,1.0461,284,9,0,1.0465382016014375,1.0470048488233885,False,0.0,0.0,0.0
139,1740451500,25-02-25 02:45,1.0461,1.04636,1.04606,1.04627,362,9,0,1.0465126585917768,1.0469760312224714,False,0.0,0.0,0.0
140,1740452400,25-02-25 03:00,1.04629,1.04651,1.04617,1.04625,437,8,0,1.0464876434877979,1.0469475594098254,False,0.0,0.0,0.0
141,1740453300,25-02-25 03:15,1.04626,1.04629,1.04602,1.04622,355,9,0,1.046462153631817,1.0469190276682636,False,0.0,0.0,0.0
142,1740454200,25-02-25 03:30,1.04622,1.04636,1.04603,1.04631,555,10,0,1.0464476628097392,1.0468951442302925,False,0.0,0.0,0.0
143,1740455100,25-02-25 03:45,1.04631,1.04651,1.04619,1.04646,429,10,0,1.0464488377802401,1.0468780797506734,False,0.0,0.0,0.0
144,1740456000,25-02-25 04:00,1.04646,1.04686,1.04646,1.04682,324,11,0,1.0464841865630745,1.0468758021133922,False,0.0,0.0,0.0
145,1740456900,25-02-25 04:15,1.0468,1.04699,1.04648,1.04678,487,9,0,1.0465123592713532,1.0468720451677689,False,0.0,0.0,0.0
146,1740457800,25-02-25 04:30,1.04679,1.04713,1.04677,1.04711,631,12,0,1.0465692774359863,1.0468813767298173,False,0.0,0.0,0.0
147,1740458700,25-02-25 04:45,1.04711,1.04743,1.04703,1.0474,510,11,0,1.0466483938706543,1.0469017148972755,False,0.0,0.0,0.0
148,1740459600,25-02-25 05:00,1.0474,1.04757,1.04726,1.04736,446,11,0,1.0467161658829731,1.0469196868620883,False,0.0,0.0,0.0
149,1740460500,25-02-25 05:15,1.04736,1.04736,1.04709,1.04722,418,8,0,1.0467641500845948,1.0469314638478886,False,0.0,0.0,0.0
150,1740461400,25-02-25 05:30,1.04721,1.04739,1.04719,1.04732,369,9,0,1.0468170881717762,1.0469467005597362,False,0.0,0.0,0.0
151,1740462300,25-02-25 05:45,1.04732,1.04744,1.0472,1.04727,291,11,0,1.046860222631607,1.0469593789691582,False,0.0,0.0,0.0
152,1740463200,25-02-25 06:00,1.04727,1.04748,1.04722,1.04746,270,10,0,1.0469173442857398,1.0469790111664463,False,0.0,0.0,0.0
153,1740464100,25-02-25 06:15,1.04746,1.04766,1.04743,1.04757,251,10,0,1.046979501972812,1.0470021871991348,False,0.0,0.0,0.0
154,1740465000,25-02-25 06:30,1.04757,1.04763,1.04726,1.04749,277,10,0,1.0470281208325443,1.0470213171128941,True,1.049151707217765,1.04763,1.0470213171128941
155,1740465900,25-02-25 06:45,1.04749,1.0475,1.04721,1.04725,365,9,0,1.0470492521818258,1.0470302850692512,False,0.0,0.0,0.0
156,1740466800,25-02-25 07:00,1.04725,1.04732,1.04719,1.04726,402,10,0,1.0470693234026043,1.047039293497908,False,0.0,0.0,0.0
157,1740467700,25-02-25 07:15,1.04726,1.04745,1.04717,1.0474,365,11,0,1.04710081641188,1.0470534388509314,False,0.0,0.0,0.0
158,1740468600,25-02-25 07:30,1.0474,1.04766,1.0473,1.04747,336,9,0,1.0471359767536057,1.0470697745822672,False,0.0,0.0,0.0
159,1740469500,25-02-25 07:45,1.04747,1.04776,1.04747,1.04763,404,11,0,1.0471830265865958,1.047091744206492,False,0.0,0.0,0.0
160,1740470400,25-02-25 08:00,1.04765,1.04768,1.04748,1.04761,271,10,0,1.0472236907212058,1.0471120679631,False,0.0,0.0,0.0
161,1740471300,25-02-25 08:15,1.04763,1.04797,1.04756,1.04778,335,10,0,1.0472766725572815,1.0471382613763118,False,0.0,0.0,0.0
162,1740472200,25-02-25 08:30,1.04777,1.04786,1.04739,1.04761,476,8,0,1.0473084180280168,1.047156760930182,False,0.0,0.0,0.0
163,1740473100,25-02-25 08:45,1.04761,1.04771,1.04722,1.04765,538,8,0,1.0473409496443962,1.0471761036388023,False,0.0,0.0,0.0
164,1740474000,25-02-25 09:00,1.04764,1.04771,1.04663,1.04701,845,8,0,1.0473094306306443,1.0471695897706141,False,0.0,0.0,0.0
165,1740474900,25-02-25 09:15,1.04701,1.04749,1.04677,1.04726,851,8,0,1.0473047229515353,1.0471731352698057,False,0.0,0.0,0.0
166,1740475800,25-02-25 09:30,1.04725,1.04725,1.04663,1.04684,1043,8,0,1.0472604636228178,1.047160071141578,False,0.0,0.0,0.0
167,1740476700,25-02-25 09:45,1.04684,1.04728,1.0463,1.04637,1017,8,0,1.0471756575635018,1.0471290879595554,False,0.0,0.0,0.0
168,1740477600,25-02-25 10:00,1.04639,1.04778,1.04558,1.04767,1341,8,0,1.0472227377955494,1.0471503001964355,False,0.0,0.0,0.0
169,1740478500,25-02-25 10:15,1.04766,1.0478,1.04657,1.0467,1107,8,0,1.0471729532435923,1.047132641365203,False,0.0,0.0,0.0
170,1740479400,25-02-25 10:30,1.0467,1.0467,1.04581,1.04643,859,8,0,1.0471021957918216,1.0471050868018617,True,0.0,0.0,0.0
171,1740480300,25-02-25 10:45,1.04644,1.04714,1.0464,1.04697,854,8,0,1.04708960571641,1.04709978928022,False,0.0,0.0,0.0
172,1740481200,25-02-25 11:00,1.04697,1.04736,1.04683,1.04699,803,8,0,1.0470801194577044,1.0470954838182507,False,0.0,0.0,0.0
173,1740482100,25-02-25 11:15,1.04699,1.04782,1.04699,1.04734,897,8,0,1.047104869985542,1.0471050726881233,False,0.0,0.0,0.0
174,1740483000,25-02-25 11:30,1.04734,1.04747,1.04695,1.04702,815,8,0,1.047096787129776,1.0471017365042754,False,0.0,0.0,0.0
175,1740483900,25-02-25 11:45,1.04701,1.04733,1.0468,1.04726,817,8,0,1.0471123312126545,1.0471079429158725,True,1.047885142710319,1.04733,1.0471079429158725
176,1740484800,25-02-25 12:00,1.04726,1.04736,1.04648,1.04655,785,8,0,1.0470587758590684,1.0470860628015246,True,1.0449648429961886,1.04648,1.0470860628015246
177,1740485700,25-02-25 12:15,1.04655,1.04706,1.04651,1.04686,669,9,0,1.0470398448248714,1.0470771975936217,False,0.0,0.0,0.0
178,1740486600,25-02-25 12:30,1.04687,1.04718,1.04674,1.04715,627,8,0,1.0470503357939314,1.0470800525899504,False,0.0,0.0,0.0
179,1740487500,25-02-25 12:45,1.04715,1.0473,1.04686,1.04723,606,9,0,1.0470674466706997,1.0470859328805406,False,0.0,0.0,0.0
180,1740488400,25-02-25 13:00,1.04723,1.04764,1.0471,1.04757,622,8,0,1.0471153088925378,1.0471049159048333,True,1.0489777102379163,1.04764,1.0471049159048333
181,1740489300,25-02-25 13:15,1.04759,1.0479,1.04756,1.0477,669,9,0,1.0471709937599152,1.0471282525360164,False,0.0,0.0,0.0
182,1740490200,25-02-25 13:30,1.0477,1.04887,1.04764,1.04856,821,8,0,1.0473032800684947,1.0471843994953884,False,0.0,0.0,0.0
183,1740491100,25-02-25 13:45,1.04856,1.04891,1.04849,1.04889,684,8,0,1.0474543962524476,1.0472512857896872,False,0.0,0.0,0.0
184,1740492000,25-02-25 14:00,1.04889,1.0497,1.04885,1.04934,1003,8,0,1.0476339775617383,1.0473331961508758,False,0.0,0.0,0.0
185,1740492900,25-02-25 14:15,1.04934,1.04996,1.04926,1.0496,807,8,0,1.0478212177939537,1.0474220904194689,False,0.0,0.0,0.0
186,1740493800,25-02-25 14:30,1.0496,1.04994,1.04899,1.04908,770,8,0,1.0479411018135771,1.0474871064814504,False,0.0,0.0,0.0
187,1740494700,25-02-25 14:45,1.04908,1.04936,1.04877,1.04932,864,8,0,1.0480724254503793,1.0475589846586484,False,0.0,0.0,0.0
188,1740495600,25-02-25 15:00,1.04933,1.04991,1.04933,1.04974,867,8,0,1.0482312420741526,1.0476445146720346,False,0.0,0.0,0.0
189,1740496500,25-02-25 15:15,1.04971,1.0499,1.04931,1.04985,804,8,0,1.048385409495662,1.0477310042927392,False,0.0,0.0,0.0
190,1740497400,25-02-25 15:30,1.04985,1.05081,1.04979,1.05075,938,8,0,1.0486106085913132,1.0478493962812592,False,0.0,0.0,0.0
191,1740498300,25-02-25 15:45,1.05075,1.05091,1.04991,1.04996,680,8,0,1.0487391220588071,1.0479321650545432,False,0.0,0.0,0.0
192,1740499200,25-02-25 16:00,1.04999,1.0500099999999999,1.04914,1.04931,1086,8,0,1.0487934913865398,1.0479861977975022,False,0.0,0.0,0.0
193,1740500100,25-02-25 16:15,1.04938,1.05045,1.04938,1.05036,957,8,0,1.0489426826830597,1.0480792880799532,False,0.0,0.0,0.0
194,1740501000,25-02-25 16:30,1.05036,1.05037,1.04972,1.05006,1093,8,0,1.0490490938561017,1.0481569630572098,False,0.0,0.0,0.0
195,1740501900,25-02-25 16:45,1.05006,1.05043,1.04996,1.0502,914,8,0,1.0491587039650443,1.0482370821530056,False,0.0,0.0,0.0
196,1740502800,25-02-25 17:00,1.05024,1.0513,1.05011,1.05126,1436,8,0,1.049358827396945,1.048355627950927,False,0.0,0.0,0.0
197,1740503700,25-02-25 17:15,1.05126,1.05188,1.05091,1.05171,1455,8,0,1.049582748597236,1.0484871719528515,False,0.0,0.0,0.0
198,1740504600,25-02-25 17:30,1.0517,1.05172,1.05057,1.05069,1454,8,0,1.049688201111785,1.0485735573664652,False,0.0,0.0,0.0
199,1740505500,25-02-25 17:45,1.05069,1.05074,1.04946,1.0498,1416,8,0,1.0496988486249483,1.0486216531560155,False,0.0,0.0,0.0
200,1740506400,25-02-25 18:00,1.0498,1.05012,1.04942,1.04997,1423,8,0,1.0497246725654295,1.0486745295028386,False,0.0,0.0,0.0
201,1740507300,25-02-25 18:15,1.04996,1.05032,1.0497,1.05005,1039,8,0,1.0497556561306267,1.0487284695223351,False,0.0,0.0,0.0
202,1740508200,25-02-25 18:30,1.05006,1.05046,1.04958,1.05041,1061,8,0,1.0498179745943765,1.0487944118940082,False,0.0,0.0,0.0
203,1740509100,25-02-25 18:45,1.05042,1.05055,1.04955,1.04972,972,8,0,1.0498086436806264,1.0488307094667924,False,0.0,0.0,0.0
204,1740510000,25-02-25 19:00,1.04972,1.04972,1.04834,1.04865,1082,8,0,1.0496982966634238,1.0488236228210357,False,0.0,0.0,0.0
205,1740510900,25-02-25 19:15,1.04865,1.04935,1.04862,1.04927,852,8,0,1.0496575065050024,1.0488411278084462,False,0.0,0.0,0.0
206,1740511800,25-02-25 19:30,1.04926,1.04971,1.04909,1.04962,677,9,0,1.049653934456907,1.048871671815958,False,0.0,0.0,0.0
207,1740512700,25-02-25 19:45,1.04962,1.05017,1.0495700000000001,1.05017,650,10,0,1.049703083556249,1.0489225866467047,False,0.0,0.0,0.0
208,1740513600,25-02-25 20:00,1.05017,1.05086,1.05016,1.05044,864,8,0,1.0497732660747014,1.0489820930527163,False,0.0,0.0,0.0
209,1740514500,25-02-25 20:15,1.05044,1.0506199999999999,1.0503,1.05032,628,8,0,1.0498253359723488,1.0490345599918254,False,0.0,0.0,0.0
210,1740515400,25-02-25 20:30,1.05032,1.05176,1.05025,1.05141,785,8,0,1.0499762563559347,1.04912771450195,False,0.0,0.0,0.0
211,1740516300,25-02-25 20:45,1.05132,1.05146,1.05067,1.0508,635,8,0,1.05005470813156,1.049193294325403,False,0.0,0.0,0.0
212,1740517200,25-02-25 21:00,1.0508,1.05122,1.05064,1.05085,734,8,0,1.0501304502142688,1.0492582631753873,False,0.0,0.0,0.0
213,1740518100,25-02-25 21:15,1.05085,1.05085,1.05041,1.05059,625,8,0,1.0501742168605288,1.0493104881489015,False,0.0,0.0,0.0
214,1740519000,25-02-25 21:30,1.05059,1.05091,1.0505,1.05088,626,8,0,1.0502414343023831,1.0493720376332583,False,0.0,0.0,0.0
215,1740519900,25-02-25 21:45,1.05088,1.0511,1.05067,1.051,763,10,0,1.050313678654537,1.0494358792946992,False,0.0,0.0,0.0
216,1740520800,25-02-25 22:00,1.05101,1.05125,1.05087,1.05103,726,8,0,1.0503818997350574,1.0494983938321618,False,0.0,0.0,0.0
217,1740521700,25-02-25 22:15,1.05103,1.05185,1.05099,1.05161,691,8,0,1.050498861665052,1.049581201917175,False,0.0,0.0,0.0
218,1740522600,25-02-25 22:30,1.05161,1.05162,1.05104,1.0514000000000001,686,9,0,1.0505846843636184,1.049652527332188,False,0.0,0.0,0.0
219,1740523500,25-02-25 22:45,1.0514000000000001,1.05173,1.05133,1.05158,591,9,0,1.0506794763289882,1.0497281144956316,False,0.0,0.0,0.0
220,1740524400,25-02-25 23:00,1.05157,1.0517,1.05144,1.05152,402,8,0,1.0507595262024179,1.0497983845154109,False,0.0,0.0,0.0
221,1740525300,25-02-25 23:15,1.05152,1.05173,1.05135,1.0517,251,9,0,1.050849095135521,1.0498729576716694,False,0.0,0.0,0.0
222,1740526200,25-02-25 23:30,1.0517,1.05172,1.05127,1.05133,188,8,0,1.0508948955988047,1.049930096586506,False,0.0,0.0,0.0
223,1740527100,25-02-25 23:45,1.05136,1.05156,1.05105,1.05137,323,8,0,1.0509401436370138,1.049986563387035,False,0.0,0.0,0.0
224,1740528000,25-02-26 00:00,1.05126,1.0513,1.05126,1.0513,7,8,0,1.050974415671584,1.0500380707051908,False,0.0,0.0,0.0
225,1740528900,25-02-26 00:15,1.05116,1.05124,1.05102,1.0511,82,26,0,1.050986376083814,1.0500797149912617,False,0.0,0.0,0.0
226,1740529800,25-02-26 00:30,1.05119,1.05133,1.05101,1.05124,182,26,0,1.0510105307424984,1.0501252163641535,False,0.0,0.0,0.0
227,1740530700,25-02-26 00:45,1.05116,1.05128,1.05106,1.05125,282,22,0,1.0510333373384508,1.0501693255263436,False,0.0,0.0,0.0
228,1740531600,25-02-26 01:00,1.0513,1.05171,1.05114,1.05169,429,8,0,1.0510958766395508,1.0502289598194283,False,0.0,0.0,0.0
229,1740532500,25-02-26 01:15,1.05169,1.05199,1.05162,1.05197,225,8,0,1.0511791264834032,1.050297235904941,False,0.0,0.0,0.0
230,1740533400,25-02-26 01:30,1.05197,1.05224,1.05196,1.0521,321,10,0,1.051266828723079,1.0503679325361197,False,0.0,0.0,0.0
231,1740534300,25-02-26 01:45,1.0521,1.0521,1.05191,1.052,315,11,0,1.0513366545589764,1.0504319351817621,False,0.0,0.0,0.0
232,1740535200,25-02-26 02:00,1.052,1.05233,1.05193,1.05231,346,8,0,1.051429354124788,1.0505055847824774,False,0.0,0.0,0.0
233,1740536100,25-02-26 02:15,1.05231,1.05244,1.05223,1.0524,359,8,0,1.051521796589094,1.0505798755753215,False,0.0,0.0,0.0
234,1740537000,25-02-26 02:30,1.05239,1.05239,1.05212,1.05213,389,9,0,1.0515797207234658,1.0506406647684463,False,0.0,0.0,0.0
235,1740537900,25-02-26 02:45,1.05214,1.05239,1.05208,1.05222,670,11,0,1.0516406997021834,1.0507025994834092,False,0.0,0.0,0.0
236,1740538800,25-02-26 03:00,1.05222,1.05231,1.05167,1.0521,731,8,0,1.05168444258769,1.0507573995036676,False,0.0,0.0,0.0
237,1740539700,25-02-26 03:15,1.0521,1.05228,1.05202,1.05211,585,8,0,1.0517249718650528,1.0508104426603866,False,0.0,0.0,0.0
238,1740540600,25-02-26 03:30,1.05212,1.05212,1.05136,1.0515,789,8,0,1.051703545973143,1.0508374841246853,False,0.0,0.0,0.0
239,1740541500,25-02-26 03:45,1.0515,1.05169,1.05135,1.05147,747,8,0,1.0516813034995103,1.0508622886688153,False,0.0,0.0,0.0
240,1740542400,25-02-26 04:00,1.05148,1.05164,1.05112,1.05122,763,9,0,1.0516373698328902,1.050876316564156,False,0.0,0.0,0.0
241,1740543300,25-02-26 04:15,1.05121,1.05139,1.05071,1.05074,545,9,0,1.0515519060392817,1.0508709708165418,False,0.0,0.0,0.0
242,1740544200,25-02-26 04:30,1.05074,1.05091,1.05038,1.05059,602,9,0,1.0514602959403025,1.0508599523531479,False,0.0,0.0,0.0
243,1740545100,25-02-26 04:45,1.05059,1.05081,1.05039,1.05059,672,8,0,1.0513774106126548,1.0508493659863576,False,0.0,0.0,0.0
244,1740546000,25-02-26 05:00,1.05059,1.05081,1.05047,1.05052,589,10,0,1.0512957524590685,1.050836449673167,False,0.0,0.0,0.0
245,1740546900,25-02-26 05:15,1.05052,1.05056,1.05009,1.05025,502,8,0,1.0511961569867763,1.0508134516467684,False,0.0,0.0,0.0
246,1740547800,25-02-26 05:30,1.05027,1.05051,1.05022,1.05034,447,8,0,1.0511146182261308,1.0507948849155226,False,0.0,0.0,0.0
247,1740548700,25-02-26 05:45,1.05035,1.05046,1.0501800000000001,1.0504,415,9,0,1.0510465593474516,1.0507793992325611,False,0.0,0.0,0.0
248,1740549600,25-02-26 06:00,1.05039,1.05045,1.05009,1.05011,308,9,0,1.050957363219123,1.0507531482822647,False,0.0,0.0,0.0
249,1740550500,25-02-26 06:15,1.05011,1.05034,1.04999,1.0503,423,10,0,1.050894757198254,1.0507353777613917,False,0.0,0.0,0.0
250,1740551400,25-02-26 06:30,1.0503,1.05048,1.04998,1.05005,289,10,0,1.0508143041317537,1.0507085002021215,False,0.0,0.0,0.0
251,1740552300,25-02-26 06:45,1.05003,1.05005,1.04961,1.04968,329,9,0,1.0507062751668248,1.050668166860862,False,0.0,0.0,0.0
252,1740553200,25-02-26 07:00,1.04965,1.04976,1.04938,1.04939,550,8,0,1.050580915627127,1.05061804267024,True,0.0,0.0,0.0
253,1740554100,25-02-26 07:15,1.04939,1.04963,1.04926,1.04956,517,8,0,1.0504836855674007,1.050576550800819,False,0.0,0.0,0.0
254,1740555000,25-02-26 07:30,1.04955,1.04958,1.04906,1.04919,614,8,0,1.0503604774181243,1.0505221762596102,False,0.0,0.0,0.0
255,1740555900,25-02-26 07:45,1.04919,1.04932,1.049,1.04909,475,10,0,1.0502394795687793,1.0504660124847236,False,0.0,0.0,0.0
256,1740556800,25-02-26 08:00,1.0491,1.0493,1.04884,1.04884,501,8,0,1.0501061958003242,1.0504022472892443,False,0.0,0.0,0.0
257,1740557700,25-02-26 08:15,1.04884,1.04895,1.04867,1.04878,540,8,0,1.0499798914383887,1.0503386297484896,False,0.0,0.0,0.0
258,1740558600,25-02-26 08:30,1.04879,1.04941,1.04878,1.04935,611,8,0,1.0499199017775898,1.050299859954431,False,0.0,0.0,0.0
259,1740559500,25-02-26 08:45,1.04935,1.04959,1.0491,1.04939,738,10,0,1.0498694349416289,1.0502641791719045,False,0.0,0.0,0.0
260,1740560400,25-02-26 09:00,1.0493999999999999,1.05003,1.04932,1.04981,743,8,0,1.0498637744709975,1.0502463682239866,False,0.0,0.0,0.0
261,1740561300,25-02-26 09:15,1.04981,1.0501,1.04942,1.04972,746,8,0,1.0498500816642358,1.05022572633285,False,0.0,0.0,0.0
262,1740562200,25-02-26 09:30,1.04966,1.04988,1.0492,1.04965,998,8,0,1.049831026267642,1.050203148829601,False,0.0,0.0,0.0
263,1740563100,25-02-26 09:45,1.04965,1.04996,1.04932,1.04933,803,8,0,1.0497833094802476,1.0501689076990284,False,0.0,0.0,0.0
264,1740564000,25-02-26 10:00,1.04933,1.05026,1.04911,1.05009,1072,8,0,1.0498125181011764,1.0501658132794587,False,0.0,0.0,0.0
265,1740564900,25-02-26 10:15,1.05008,1.05102,1.05004,1.05088,821,8,0,1.0499141830439216,1.0501938206018329,False,0.0,0.0,0.0
266,1740565800,25-02-26 10:30,1.05089,1.05111,1.04994,1.04996,923,8,0,1.049918546563548,1.050184651166467,False,0.0,0.0,0.0
267,1740566700,25-02-26 10:45,1.04996,1.05024,1.04935,1.0502,914,8,0,1.049945351652734,1.0501852530815075,False,0.0,0.0,0.0
268,1740567600,25-02-26 11:00,1.05021,1.05027,1.0497,1.04975,818,8,0,1.049926746733426,1.050168184333213,False,0.0,0.0,0.0
269,1740568500,25-02-26 11:15,1.04974,1.04997,1.04944,1.04955,693,8,0,1.0498908660921473,1.050143941810342,False,0.0,0.0,0.0
270,1740569400,25-02-26 11:30,1.04954,1.05002,1.04945,1.04983,716,8,0,1.0498850693214667,1.0501316303667991,False,0.0,0.0,0.0
271,1740570300,25-02-26 11:45,1.04982,1.04987,1.04946,1.04965,711,10,0,1.0498626817670413,1.0501127429014345,False,0.0,0.0,0.0
272,1740571200,25-02-26 12:00,1.04965,1.05003,1.04924,1.04944,821,8,0,1.0498224263606564,1.0500863608268687,False,0.0,0.0,0.0
273,1740572100,25-02-26 12:15,1.04943,1.04981,1.04916,1.04927,773,8,0,1.0497698143263081,1.0500543466767955,False,0.0,0.0,0.0
274,1740573000,25-02-26 12:30,1.04927,1.04991,1.04907,1.04974,684,8,0,1.0497669748666596,1.0500420193561368,False,0.0,0.0,0.0
275,1740573900,25-02-26 12:45,1.04975,1.0500099999999999,1.04962,1.04971,648,8,0,1.0497615486888825,1.0500289989892295,False,0.0,0.0,0.0
276,1740574800,25-02-26 13:00,1.04967,1.05006,1.04958,1.05003,577,8,0,1.0497871154804175,1.0500290382445538,False,0.0,0.0,0.0
277,1740575700,25-02-26 13:15,1.05002,1.05016,1.04909,1.04941,594,8,0,1.0497511997203777,1.0500047622349635,False,0.0,0.0,0.0
278,1740576600,25-02-26 13:30,1.0493999999999999,1.0495,1.04908,1.04913,565,9,0,1.0496920378422465,1.0499704578335924,False,0.0,0.0,0.0
279,1740577500,25-02-26 13:45,1.04913,1.04921,1.04862,1.04911,691,8,0,1.0496366056667945,1.0499367143891378,False,0.0,0.0,0.0
280,1740578400,25-02-26 14:00,1.04911,1.04944,1.04868,1.04873,600,9,0,1.0495502622699568,1.0498893922562307,False,0.0,0.0,0.0
281,1740579300,25-02-26 14:15,1.04873,1.04896,1.0485,1.04889,747,8,0,1.0494873801490086,1.049850200403045,False,0.0,0.0,0.0
282,1740580200,25-02-26 14:30,1.04888,1.04925,1.04875,1.04878,551,8,0,1.0494200106110079,1.0498082317597883,False,0.0,0.0,0.0
283,1740581100,25-02-26 14:45,1.04874,1.04874,1.04744,1.04762,931,8,0,1.049248581029007,1.0497224187496006,False,0.0,0.0,0.0
284,1740582000,25-02-26 15:00,1.04761,1.04886,1.0476,1.04871,957,8,0,1.0491972875976732,1.049682716053538,False,0.0,0.0,0.0
285,1740582900,25-02-26 15:15,1.04871,1.04941,1.04846,1.04914,959,8,0,1.04919183163599,1.0496614330710465,False,0.0,0.0,0.0
286,1740583800,25-02-26 15:30,1.04914,1.04915,1.04832,1.04835,844,8,0,1.0491116571944672,1.0496100043231624,False,0.0,0.0,0.0
287,1740584700,25-02-26 15:45,1.04835,1.04888,1.0481,1.04836,985,8,0,1.049040070794994,1.0495609845457834,False,0.0,0.0,0.0
288,1740585600,25-02-26 16:00,1.04836,1.04871,1.04817,1.0487,1145,8,0,1.0490076831002328,1.049527220445949,False,0.0,0.0,0.0
289,1740586500,25-02-26 16:15,1.0487,1.0489,1.04839,1.04889,1016,8,0,1.048996475185925,1.049502231408853,False,0.0,0.0,0.0
290,1740587400,25-02-26 16:30,1.0489,1.04922,1.04872,1.04909,1257,8,0,1.0490053823110752,1.0494860654712508,False,0.0,0.0,0.0
291,1740588300,25-02-26 16:45,1.04911,1.04918,1.04874,1.04891,1186,8,0,1.0489962982814491,1.0494634746684566,False,0.0,0.0,0.0
292,1740589200,25-02-26 17:00,1.04891,1.04906,1.04803,1.04841,1332,8,0,1.0489404603498826,1.0494221619363604,False,0.0,0.0,0.0
293,1740590100,25-02-26 17:15,1.04842,1.04953,1.04789,1.04951,1225,8,0,1.0489947022213224,1.049425606566307,False,0.0,0.0,0.0
294,1740591000,25-02-26 17:30,1.04951,1.05011,1.04931,1.04973,1320,8,0,1.0490647305811964,1.0494375435637069,False,0.0,0.0,0.0
295,1740591900,25-02-26 17:45,1.04974,1.05086,1.04972,1.05053,1420,8,0,1.049204280049654,1.0494803849925811,False,0.0,0.0,0.0
296,1740592800,25-02-26 18:00,1.05057,1.0515,1.05038,1.05098,1191,8,0,1.0493733962354013,1.0495391934242446,False,0.0,0.0,0.0
297,1740593700,25-02-26 18:15,1.05097,1.05106,1.05017,1.05085,1116,8,0,1.049514025165363,1.0495905976036861,False,0.0,0.0,0.0
298,1740594600,25-02-26 18:30,1.05084,1.0514000000000001,1.05063,1.05118,935,8,0,1.0496726894353285,1.049652927109424,True,1.0557676822264406,1.0514000000000001,1.049652927109424
299,1740595500,25-02-26 18:45,1.05116,1.05143,1.05108,1.05133,1006,8,0,1.0498305285367258,1.0497186946737602,False,0.0,0.0,0.0
