,time,std_time,open,high,low,close,tick_volume,spread,real_volume,ema20,ema50,ema_cross,take_profit,stop_price,stop_loss
1,1740175200,25-02-21 22:00,188.276,188.329,188.235,188.288,1700,31,0,0.0,0.0,False,0.0,0.0,0.0
2,1740176100,25-02-21 22:15,188.288,188.309,188.244,188.276,1322,31,0,0.0,0.0,False,0.0,0.0,0.0
3,1740177000,25-02-21 22:30,188.276,188.447,188.267,188.421,1639,31,0,0.0,0.0,False,0.0,0.0,0.0
4,1740177900,25-02-21 22:45,188.422,188.43,188.334,188.349,1827,31,0,0.0,0.0,False,0.0,0.0,0.0
5,1740178800,25-02-21 23:00,188.349,188.422,188.337,188.392,1192,31,0,0.0,0.0,False,0.0,0.0,0.0
6,1740179700,25-02-21 23:15,188.392,188.396,188.332,188.337,932,31,0,0.0,0.0,False,0.0,0.0,0.0
7,1740180600,25-02-21 23:30,188.333,188.476,188.314,188.471,754,32,0,0.0,0.0,False,0.0,0.0,0.0
8,1740181500,25-02-21 23:45,188.471,188.618,188.459,188.59,1059,36,0,0.0,0.0,False,0.0,0.0,0.0
9,1740355200,25-02-24 00:00,188.464,188.509,188.407,188.433,133,228,0,0.0,0.0,False,0.0,0.0,0.0
10,1740356100,25-02-24 00:15,188.433,188.539,188.424,188.479,134,237,0,0.0,0.0,False,0.0,0.0,0.0
11,1740357000,25-02-24 00:30,188.479,188.512,188.465,188.465,43,229,0,0.0,0.0,False,0.0,0.0,0.0
12,1740357900,25-02-24 00:45,188.465,188.544,188.447,188.518,159,226,0,0.0,0.0,False,0.0,0.0,0.0
13,1740358800,25-02-24 01:00,188.405,188.834,188.405,188.805,1189,40,0,0.0,0.0,False,0.0,0.0,0.0
14,1740359700,25-02-24 01:15,188.804,189.006,188.782,188.96,1150,39,0,0.0,0.0,False,0.0,0.0,0.0
15,1740360600,25-02-24 01:30,188.958,188.989,188.674,188.684,1174,41,0,0.0,0.0,False,0.0,0.0,0.0
16,1740361500,25-02-24 01:45,188.684,188.963,188.633,188.956,1492,25,0,0.0,0.0,False,0.0,0.0,0.0
17,1740362400,25-02-24 02:00,188.949,188.961,188.754,188.791,1382,32,0,0.0,0.0,False,0.0,0.0,0.0
18,1740363300,25-02-24 02:15,188.791,188.8,188.595,188.762,1775,31,0,0.0,0.0,False,0.0,0.0,0.0
19,1740364200,25-02-24 02:30,188.763,188.789,188.684,188.768,1595,32,0,0.0,0.0,False,0.0,0.0,0.0
20,1740365100,25-02-24 02:45,188.768,188.77,188.591,188.623,1911,32,0,188.55130000000003,0.0,True,0.0,0.0,0.0
21,1740366000,25-02-24 03:00,188.623,188.878,188.623,188.705,1906,33,0,188.56593809523812,0.0,False,0.0,0.0,0.0
22,1740366900,25-02-24 03:15,188.705,188.837,188.68,188.819,1725,33,0,188.59003922902497,0.0,False,0.0,0.0,0.0
23,1740367800,25-02-24 03:30,188.818,188.999,188.768,188.953,1755,34,0,188.62460692149878,0.0,False,0.0,0.0,0.0
24,1740368700,25-02-24 03:45,188.954,189.221,188.909,189.194,1899,31,0,188.67883483373697,0.0,False,0.0,0.0,0.0
25,1740369600,25-02-24 04:00,189.194,189.484,189.194,189.461,1928,32,0,188.75332675433347,0.0,False,0.0,0.0,0.0
26,1740370500,25-02-24 04:15,189.461,189.569,189.343,189.396,1764,35,0,188.81453373011124,0.0,False,0.0,0.0,0.0
27,1740371400,25-02-24 04:30,189.397,189.529,189.376,189.438,1852,34,0,188.87391147010064,0.0,False,0.0,0.0,0.0
28,1740372300,25-02-24 04:45,189.438,189.464,189.273,189.28,1532,34,0,188.9125865681863,0.0,False,0.0,0.0,0.0
29,1740373200,25-02-24 05:00,189.28,189.389,189.258,189.362,1279,33,0,188.95538784740666,0.0,False,0.0,0.0,0.0
30,1740374100,25-02-24 05:15,189.362,189.451,189.278,189.318,1482,33,0,188.98992233812984,0.0,False,0.0,0.0,0.0
31,1740375000,25-02-24 05:30,189.318,189.323,189.085,189.128,1094,33,0,189.00307259164128,0.0,False,0.0,0.0,0.0
32,1740375900,25-02-24 05:45,189.128,189.151,189.058,189.136,953,35,0,189.0157323448183,0.0,False,0.0,0.0,0.0
33,1740376800,25-02-24 06:00,189.137,189.205,189.102,189.199,828,38,0,189.03318640721656,0.0,False,0.0,0.0,0.0
34,1740377700,25-02-24 06:15,189.201,189.244,189.139,189.203,738,32,0,189.0493591303388,0.0,False,0.0,0.0,0.0
35,1740378600,25-02-24 06:30,189.203,189.231,189.133,189.179,827,32,0,189.06170587983033,0.0,False,0.0,0.0,0.0
36,1740379500,25-02-24 06:45,189.179,189.227,189.13,189.145,1167,31,0,189.06963865317982,0.0,False,0.0,0.0,0.0
37,1740380400,25-02-24 07:00,189.143,189.203,189.068,189.157,1748,32,0,189.0779587814484,0.0,False,0.0,0.0,0.0
38,1740381300,25-02-24 07:15,189.157,189.319,189.125,189.292,1583,31,0,189.09834365940566,0.0,False,0.0,0.0,0.0
39,1740382200,25-02-24 07:30,189.292,189.393,189.273,189.362,1847,31,0,189.12345378708133,0.0,False,0.0,0.0,0.0
40,1740383100,25-02-24 07:45,189.366,189.435,189.312,189.347,1570,32,0,189.14474390259738,0.0,False,0.0,0.0,0.0
41,1740384000,25-02-24 08:00,189.346,189.425,189.215,189.351,1881,28,0,189.16438734044524,0.0,False,0.0,0.0,0.0
42,1740384900,25-02-24 08:15,189.35,189.394,189.281,189.283,1476,28,0,189.17568378421237,0.0,False,0.0,0.0,0.0
43,1740385800,25-02-24 08:30,189.283,189.314,189.194,189.209,1743,31,0,189.17885675714453,0.0,False,0.0,0.0,0.0
44,1740386700,25-02-24 08:45,189.21,189.322,189.203,189.294,1862,31,0,189.1898227802736,0.0,False,0.0,0.0,0.0
45,1740387600,25-02-24 09:00,189.291,189.378,189.182,189.227,2128,27,0,189.1933634678666,0.0,False,0.0,0.0,0.0
46,1740388500,25-02-24 09:15,189.227,189.279,189.174,189.182,2044,26,0,189.19228123283168,0.0,False,0.0,0.0,0.0
47,1740389400,25-02-24 09:30,189.184,189.247,188.772,188.78,2497,31,0,189.15301635351437,0.0,False,0.0,0.0,0.0
48,1740390300,25-02-24 09:45,188.781,188.983,188.72,188.965,2452,31,0,189.13511003413205,0.0,False,0.0,0.0,0.0
49,1740391200,25-02-24 10:00,188.967,189.05,188.792,188.838,2651,25,0,189.10681384040518,0.0,False,0.0,0.0,0.0
50,1740392100,25-02-24 10:15,188.836,188.88,188.666,188.697,2943,31,0,189.0677839508428,188.91704,False,0.0,0.0,0.0
51,1740393000,25-02-24 10:30,188.696,188.744,188.454,188.643,2586,28,0,189.0273283364768,188.90629333333334,False,0.0,0.0,0.0
52,1740393900,25-02-24 10:45,188.643,189.053,188.615,188.98,2093,30,0,189.02282087585996,188.90918379084968,False,0.0,0.0,0.0
53,1740394800,25-02-24 11:00,188.98,189.192,188.904,189.159,2492,29,0,189.03579031625424,188.918980504934,False,0.0,0.0,0.0
54,1740395700,25-02-24 11:15,189.159,189.249,189.056,189.155,2407,31,0,189.04714361946813,188.92823617140718,False,0.0,0.0,0.0
55,1740396600,25-02-24 11:30,189.155,189.177,188.987,189.028,2256,28,0,189.04532041761402,188.93214847841082,False,0.0,0.0,0.0
56,1740397500,25-02-24 11:45,189.028,189.086,188.801,189.006,2160,31,0,189.0415756159365,188.93504461651239,False,0.0,0.0,0.0
57,1740398400,25-02-24 12:00,188.989,189.012,188.87,189.0,1954,31,0,189.03761603346635,188.93759188645308,False,0.0,0.0,0.0
58,1740399300,25-02-24 12:15,188.997,189.102,188.981,189.061,1794,32,0,189.03984307789813,188.94243142031766,False,0.0,0.0,0.0
59,1740400200,25-02-24 12:30,189.061,189.114,188.948,189.034,1857,31,0,189.03928659428877,188.9460223450111,False,0.0,0.0,0.0
60,1740401100,25-02-24 12:45,189.033,189.18,188.985,189.162,1843,26,0,189.0509735853089,188.95449205697147,False,0.0,0.0,0.0
61,1740402000,25-02-24 13:00,189.16,189.34,189.119,189.255,1859,31,0,189.07040467242234,188.96627668218827,False,0.0,0.0,0.0
62,1740402900,25-02-24 13:15,189.255,189.299,189.154,189.196,1483,27,0,189.08236613219165,188.9752854397495,False,0.0,0.0,0.0
63,1740403800,25-02-24 13:30,189.196,189.281,189.08,189.281,1587,31,0,189.1012836434115,188.98727424603385,False,0.0,0.0,0.0
64,1740404700,25-02-24 13:45,189.279,189.326,189.211,189.249,1535,31,0,189.1153518678485,188.99753800109136,False,0.0,0.0,0.0
65,1740405600,25-02-24 14:00,189.246,189.261,189.076,189.166,1705,30,0,189.12017549948195,189.00414435398974,False,0.0,0.0,0.0
66,1740406500,25-02-24 14:15,189.166,189.34,189.154,189.252,1477,32,0,189.132730213817,189.01386418324506,False,0.0,0.0,0.0
67,1740407400,25-02-24 14:30,189.252,189.323,189.209,189.219,1422,32,0,189.1409463839297,189.0219087250786,False,0.0,0.0,0.0
68,1740408300,25-02-24 14:45,189.219,189.303,189.136,189.26,1816,31,0,189.15228482355545,189.03124563782063,False,0.0,0.0,0.0
69,1740409200,25-02-24 15:00,189.256,189.356,189.226,189.299,2092,31,0,189.16625769750254,189.0417458088865,False,0.0,0.0,0.0
70,1740410100,25-02-24 15:15,189.304,189.321,189.101,189.264,2065,31,0,189.1755664882166,189.05046165951842,False,0.0,0.0,0.0
71,1740411000,25-02-24 15:30,189.275,189.399,189.231,189.361,2233,31,0,189.19322682267216,189.06263963365495,False,0.0,0.0,0.0
72,1740411900,25-02-24 15:45,189.362,189.505,189.339,189.362,1831,32,0,189.20930045860814,189.07437925586459,False,0.0,0.0,0.0
73,1740412800,25-02-24 16:00,189.362,189.458,189.235,189.323,1899,31,0,189.22012898635975,189.08412908896793,False,0.0,0.0,0.0
74,1740413700,25-02-24 16:15,189.323,189.323,189.091,189.107,1728,31,0,189.20935479718264,189.0850259874398,False,0.0,0.0,0.0
75,1740414600,25-02-24 16:30,189.104,189.22,188.563,188.611,3125,31,0,189.1523686260224,189.06643673303037,False,0.0,0.0,0.0
76,1740415500,25-02-24 16:45,188.616,188.699,188.343,188.404,2949,30,0,189.08109542354407,189.04045882193114,False,0.0,0.0,0.0
77,1740416400,25-02-24 17:00,188.404,188.678,188.259,188.655,3519,31,0,189.04051490701605,189.02534278969856,False,0.0,0.0,0.0
78,1740417300,25-02-24 17:15,188.653,188.716,188.48,188.531,3218,31,0,188.99198967777642,189.00595679794566,True,0.0,0.0,0.0
79,1740418200,25-02-24 17:30,188.532,188.577,188.31,188.348,3417,29,0,188.930657327512,188.98015457057525,False,0.0,0.0,0.0
80,1740419100,25-02-24 17:45,188.348,188.494,188.2,188.403,3337,31,0,188.88040424870132,188.95752105800366,False,0.0,0.0,0.0
81,1740420000,25-02-24 18:00,188.403,188.855,188.403,188.747,2970,31,0,188.86769908215834,188.94926533023883,False,0.0,0.0,0.0
82,1740420900,25-02-24 18:15,188.747,189.158,188.703,189.058,2565,27,0,188.88582297909562,188.95352943493535,False,0.0,0.0,0.0
83,1740421800,25-02-24 18:30,189.058,189.194,189.001,189.174,2534,31,0,188.91326840965795,188.9621753394477,False,0.0,0.0,0.0
84,1740422700,25-02-24 18:45,189.173,189.184,189.012,189.034,2460,31,0,188.92476665635718,188.9649919928027,False,0.0,0.0,0.0
85,1740423600,25-02-24 19:00,189.032,189.125,189.009,189.052,2503,31,0,188.9368841176565,188.96840407151632,False,0.0,0.0,0.0
86,1740424500,25-02-24 19:15,189.051,189.211,189.047,189.131,2387,32,0,188.95537134454634,188.97478038243725,False,0.0,0.0,0.0
87,1740425400,25-02-24 19:30,189.124,189.233,189.091,189.228,2234,32,0,188.98133597839907,188.98471056351815,False,0.0,0.0,0.0
88,1740426300,25-02-24 19:45,189.225,189.282,189.043,189.059,2338,25,0,188.98873255188485,188.98762387475276,True,190.01794031311815,189.282,188.98762387475276
89,1740427200,25-02-24 20:00,189.057,189.087,188.966,188.981,2106,32,0,188.987996118372,188.98736411495855,False,0.0,0.0,0.0
90,1740428100,25-02-24 20:15,188.978,189.074,188.941,188.944,1995,33,0,188.98380601186037,188.98566356143078,True,0.0,0.0,0.0
91,1740429000,25-02-24 20:30,188.951,189.049,188.934,189.043,1713,32,0,188.98944353454033,188.9879120492178,True,189.2017198769555,189.049,188.9879120492178
92,1740429900,25-02-24 20:45,189.043,189.142,189.033,189.117,1842,31,0,189.00159176934602,188.99297432179753,False,0.0,0.0,0.0
93,1740430800,25-02-24 21:00,189.116,189.245,189.107,189.178,1620,31,0,189.01839255321784,189.00023023074664,False,0.0,0.0,0.0
94,1740431700,25-02-24 21:15,189.177,189.184,189.032,189.126,1810,27,0,189.0286408814828,189.0051623785605,False,0.0,0.0,0.0
95,1740432600,25-02-24 21:30,189.134,189.303,189.101,189.117,2253,31,0,189.0370560356273,189.00954816763658,False,0.0,0.0,0.0
96,1740433500,25-02-24 21:45,189.119,189.189,189.02,189.067,1793,32,0,189.039907841758,189.01180118067043,False,0.0,0.0,0.0
97,1740434400,25-02-24 22:00,189.064,189.072,188.949,189.072,1764,32,0,189.04296423778106,189.01416191868336,False,0.0,0.0,0.0
98,1740435300,25-02-24 22:15,189.072,189.173,188.985,189.131,2399,32,0,189.05134859608762,189.01874380422518,False,0.0,0.0,0.0
99,1740436200,25-02-24 22:30,189.13,189.193,188.983,188.987,1944,31,0,189.04522015836497,189.01749894915753,False,0.0,0.0,0.0
100,1740437100,25-02-24 22:45,188.987,189.091,188.877,188.978,2146,31,0,189.03881823852066,189.0159499707592,False,0.0,0.0,0.0
101,1740438000,25-02-24 23:00,188.976,189.068,188.929,189.047,944,31,0,189.03959745389966,189.01716761896472,False,0.0,0.0,0.0
102,1740438900,25-02-24 23:15,189.047,189.087,188.972,188.994,573,32,0,189.03525483924255,189.01625908488768,False,0.0,0.0,0.0
103,1740439800,25-02-24 23:30,188.994,189.029,188.985,189.017,500,34,0,189.03351628312421,189.01628814038227,False,0.0,0.0,0.0
104,1740440700,25-02-24 23:45,189.018,189.045,188.974,188.995,544,33,0,189.02984806568384,189.01545331134767,False,0.0,0.0,0.0
105,1740442500,25-02-25 00:15,188.909,189.01,188.869,188.995,95,163,0,189.02652920228536,189.01465122070658,False,0.0,0.0,0.0
106,1740443400,25-02-25 00:30,189.011,189.012,188.925,188.964,94,156,0,189.02057404016296,189.01266489832594,False,0.0,0.0,0.0
107,1740444300,25-02-25 00:45,188.964,189.04,188.883,189.03,324,120,0,189.02147175062365,189.01334470623473,False,0.0,0.0,0.0
108,1740445200,25-02-25 01:00,189.031,189.147,188.971,189.113,546,27,0,189.03018872675472,189.01725275697063,False,0.0,0.0,0.0
109,1740446100,25-02-25 01:15,189.115,189.116,189.035,189.111,556,36,0,189.03788503849236,189.02092911944237,False,0.0,0.0,0.0
110,1740447000,25-02-25 01:30,189.111,189.118,188.983,189.083,773,35,0,189.0421817014931,189.0233632716211,False,0.0,0.0,0.0
111,1740447900,25-02-25 01:45,189.083,189.137,189.025,189.132,994,35,0,189.05073582516042,189.0276235354791,False,0.0,0.0,0.0
112,1740448800,25-02-25 02:00,189.134,189.358,189.132,189.332,1420,32,0,189.07752288943084,189.0395598674211,False,0.0,0.0,0.0
113,1740449700,25-02-25 02:15,189.332,189.393,189.298,189.344,1130,33,0,189.102901661866,189.0514986961497,False,0.0,0.0,0.0
114,1740450600,25-02-25 02:30,189.346,189.436,189.338,189.403,1153,32,0,189.131482455974,189.06528306100657,False,0.0,0.0,0.0
115,1740451500,25-02-25 02:45,189.403,189.498,189.356,189.457,1525,31,0,189.16248412683362,189.08064450959455,False,0.0,0.0,0.0
116,1740452400,25-02-25 03:00,189.457,189.593,189.39,189.553,1420,33,0,189.19967611475425,189.09916825431634,False,0.0,0.0,0.0
117,1740453300,25-02-25 03:15,189.552,189.65,189.435,189.494,1366,31,0,189.22770696096813,189.11465185218628,False,0.0,0.0,0.0
118,1740454200,25-02-25 03:30,189.494,189.555,189.374,189.404,1416,32,0,189.24449677420927,189.12599883837507,False,0.0,0.0,0.0
119,1740455100,25-02-25 03:45,189.404,189.512,189.375,189.392,1068,33,0,189.25854470047503,189.136430256478,False,0.0,0.0,0.0
120,1740456000,25-02-25 04:00,189.392,189.45,189.35,189.392,1197,31,0,189.2712547290012,189.14645259936123,False,0.0,0.0,0.0
121,1740456900,25-02-25 04:15,189.392,189.398,189.301,189.371,1190,31,0,189.28075427862015,189.15525837977845,False,0.0,0.0,0.0
122,1740457800,25-02-25 04:30,189.371,189.433,189.335,189.386,1200,31,0,189.29077768065633,189.16430707076753,False,0.0,0.0,0.0
123,1740458700,25-02-25 04:45,189.386,189.389,189.269,189.288,1046,29,0,189.29051313964143,189.16915777387467,False,0.0,0.0,0.0
124,1740459600,25-02-25 05:00,189.288,189.326,189.249,189.324,833,31,0,189.29370236443748,189.17523001803644,False,0.0,0.0,0.0
125,1740460500,25-02-25 05:15,189.322,189.347,189.266,189.293,677,33,0,189.2936354725863,189.17984844870168,False,0.0,0.0,0.0
126,1740461400,25-02-25 05:30,189.292,189.293,189.048,189.049,1152,31,0,189.27033685614953,189.1747171369879,False,0.0,0.0,0.0
127,1740462300,25-02-25 05:45,189.049,189.12,188.997,189.046,939,31,0,189.24897144127814,189.16966940612565,False,0.0,0.0,0.0
128,1740463200,25-02-25 06:00,189.046,189.11,188.927,188.936,1282,31,0,189.2191646373469,189.1605059000031,False,0.0,0.0,0.0
129,1740464100,25-02-25 06:15,188.934,189.019,188.895,188.927,925,25,0,189.19133943379003,189.15134880588533,False,0.0,0.0,0.0
130,1740465000,25-02-25 06:30,188.927,188.961,188.853,188.886,1083,30,0,189.1622594877148,189.14094297036044,False,0.0,0.0,0.0
131,1740465900,25-02-25 06:45,188.885,188.953,188.826,188.929,852,31,0,189.14004429840864,189.1326314813267,False,0.0,0.0,0.0
132,1740466800,25-02-25 07:00,188.929,189.005,188.927,188.96,806,31,0,189.12289722236972,189.1258616193139,True,0.0,0.0,0.0
133,1740467700,25-02-25 07:15,188.96,189.072,188.897,189.063,778,31,0,189.11719272500116,189.12339645777217,False,0.0,0.0,0.0
134,1740468600,25-02-25 07:30,189.063,189.128,189.018,189.088,875,25,0,189.11441246547724,189.12200836138896,False,0.0,0.0,0.0
135,1740469500,25-02-25 07:45,189.087,189.232,189.024,189.178,1072,31,0,189.1204684211461,189.12420411192272,False,0.0,0.0,0.0
136,1740470400,25-02-25 08:00,189.178,189.219,189.058,189.124,1247,31,0,189.12080476198932,189.1241961075336,False,0.0,0.0,0.0
137,1740471300,25-02-25 08:15,189.125,189.283,189.101,189.262,1392,31,0,189.13425192751416,189.12960018174797,True,189.66649954563002,189.283,189.12960018174797
138,1740472200,25-02-25 08:30,189.263,189.267,189.113,189.189,1561,31,0,189.13946602965567,189.13192958638533,False,0.0,0.0,0.0
139,1740473100,25-02-25 08:45,189.196,189.239,189.108,189.149,1437,31,0,189.1403740268313,189.13259901437021,False,0.0,0.0,0.0
140,1740474000,25-02-25 09:00,189.148,189.193,188.852,188.87,2223,31,0,189.11462411951402,189.1223010138067,True,188.1762474654833,188.852,189.1223010138067
141,1740474900,25-02-25 09:15,188.871,188.972,188.67,188.708,2542,31,0,189.07589801289362,189.10605391522606,False,0.0,0.0,0.0
142,1740475800,25-02-25 09:30,188.709,188.746,188.461,188.591,2573,31,0,189.0297172497609,189.0858557224721,False,0.0,0.0,0.0
143,1740476700,25-02-25 09:45,188.591,188.612,188.234,188.27,2838,27,0,188.95736322597415,189.05386138041436,False,0.0,0.0,0.0
144,1740477600,25-02-25 10:00,188.276,188.753,188.15,188.714,2952,31,0,188.9341857758814,189.0405334831432,False,0.0,0.0,0.0
145,1740478500,25-02-25 10:15,188.714,188.714,188.544,188.567,2347,26,0,188.8992157019879,189.0219635426278,False,0.0,0.0,0.0
146,1740479400,25-02-25 10:30,188.565,188.694,188.409,188.694,1998,32,0,188.87967134941763,189.0091022272306,False,0.0,0.0,0.0
147,1740480300,25-02-25 10:45,188.694,188.836,188.556,188.6,2174,32,0,188.85303598280643,188.99305900263334,False,0.0,0.0,0.0
148,1740481200,25-02-25 11:00,188.596,188.814,188.554,188.734,2758,32,0,188.84169922253918,188.98289982605948,False,0.0,0.0,0.0
149,1740482100,25-02-25 11:15,188.734,189.029,188.706,188.974,2623,31,0,188.85429929658306,188.98255081327287,False,0.0,0.0,0.0
150,1740483000,25-02-25 11:30,188.974,189.053,188.846,188.964,2312,25,0,188.86474698262276,188.98182333039944,False,0.0,0.0,0.0
151,1740483900,25-02-25 11:45,188.963,188.986,188.833,188.844,2296,31,0,188.86277107951582,188.97641849391317,False,0.0,0.0,0.0
152,1740484800,25-02-25 12:00,188.841,189.043,188.794,188.98,2386,31,0,188.87393573860956,188.97655894513227,False,0.0,0.0,0.0
153,1740485700,25-02-25 12:15,188.98,189.039,188.933,188.977,2193,31,0,188.8837513825515,188.97657624140157,False,0.0,0.0,0.0
154,1740486600,25-02-25 12:30,188.977,189.136,188.871,189.134,1924,31,0,188.90758458421328,188.98274972213093,False,0.0,0.0,0.0
155,1740487500,25-02-25 12:45,189.134,189.146,188.977,189.074,2038,31,0,188.92343367143107,188.98632816440033,False,0.0,0.0,0.0
156,1740488400,25-02-25 13:00,189.08,189.137,189.01,189.036,2200,26,0,188.93415427415192,188.9882760795219,False,0.0,0.0,0.0
157,1740489300,25-02-25 13:15,189.043,189.274,189.027,189.219,1839,31,0,188.96128243851842,188.9973240764034,False,0.0,0.0,0.0
158,1740490200,25-02-25 13:30,189.219,189.467,189.198,189.359,2414,31,0,188.99916030151667,189.01150744595623,False,0.0,0.0,0.0
159,1740491100,25-02-25 13:45,189.358,189.569,189.317,189.543,2189,31,0,189.0509545585151,189.03235029121285,True,190.91062427196783,189.569,189.03235029121285
160,1740492000,25-02-25 14:00,189.534,189.534,189.289,189.29,2475,32,0,189.07372079103746,189.04245420136138,False,0.0,0.0,0.0
161,1740492900,25-02-25 14:15,189.279,189.372,189.236,189.262,2499,33,0,189.091652144272,189.05106384052368,False,0.0,0.0,0.0
162,1740493800,25-02-25 14:30,189.261,189.314,189.174,189.281,2260,32,0,189.10968527338895,189.06008094481686,False,0.0,0.0,0.0
163,1740494700,25-02-25 14:45,189.294,189.453,189.212,189.45,2226,31,0,189.14209619973286,189.07537188815738,False,0.0,0.0,0.0
164,1740495600,25-02-25 15:00,189.449,189.636,189.436,189.606,2392,26,0,189.18627751404404,189.09618083371984,False,0.0,0.0,0.0
165,1740496500,25-02-25 15:15,189.603,189.643,189.502,189.58,2159,31,0,189.2237748936589,189.11515413435828,False,0.0,0.0,0.0
166,1740497400,25-02-25 15:30,189.579,189.732,189.45,189.451,2320,31,0,189.24541537997712,189.12832456046186,False,0.0,0.0,0.0
167,1740498300,25-02-25 15:45,189.439,189.473,189.249,189.325,2273,31,0,189.25299486759835,189.1360373227967,False,0.0,0.0,0.0
168,1740499200,25-02-25 16:00,189.325,189.398,189.102,189.141,2882,31,0,189.24232868973183,189.136231937589,False,0.0,0.0,0.0
169,1740500100,25-02-25 16:15,189.142,189.197,189.054,189.166,2740,26,0,189.23505929070973,189.13739931258553,False,0.0,0.0,0.0
170,1740501000,25-02-25 16:30,189.18,189.356,189.125,189.132,3324,29,0,189.22524412016594,189.1371875748371,False,0.0,0.0,0.0
171,1740501900,25-02-25 16:45,189.127,189.17,188.802,188.865,2955,28,0,189.1909351563406,189.12651355229448,False,0.0,0.0,0.0
172,1740502800,25-02-25 17:00,188.855,188.856,188.495,188.558,3652,31,0,189.13065561764148,189.1042189031849,False,0.0,0.0,0.0
173,1740503700,25-02-25 17:15,188.559,188.668,188.34,188.423,3597,30,0,189.06325984453275,189.07750443639333,True,0.0,0.0,0.0
174,1740504600,25-02-25 17:30,188.422,188.668,188.259,188.522,3584,25,0,189.01171128791057,189.05571994869163,False,0.0,0.0,0.0
175,1740505500,25-02-25 17:45,188.514,188.668,188.381,188.62,3370,31,0,188.9744054509667,189.0386328918802,False,0.0,0.0,0.0
176,1740506400,25-02-25 18:00,188.616,188.707,188.47,188.592,3261,31,0,188.93798588420796,189.02111787651236,False,0.0,0.0,0.0
177,1740507300,25-02-25 18:15,188.59,188.652,188.399,188.419,2888,28,0,188.88855865714055,188.9975054107668,False,0.0,0.0,0.0
178,1740508200,25-02-25 18:30,188.42,188.448,188.15,188.337,2971,31,0,188.83602926122242,188.97160323779556,False,0.0,0.0,0.0
179,1740509100,25-02-25 18:45,188.336,188.648,188.297,188.593,2487,31,0,188.81288361729648,188.95675605199966,False,0.0,0.0,0.0
180,1740510000,25-02-25 19:00,188.593,188.666,188.539,188.619,2343,31,0,188.79441851088728,188.94351071662712,False,0.0,0.0,0.0
181,1740510900,25-02-25 19:15,188.615,188.642,188.356,188.642,2056,31,0,188.77990246223135,188.93168676695547,False,0.0,0.0,0.0
182,1740511800,25-02-25 19:30,188.643,188.703,188.576,188.623,1967,31,0,188.76495937059028,188.91958140354546,False,0.0,0.0,0.0
183,1740512700,25-02-25 19:45,188.619,188.761,188.614,188.754,2257,31,0,188.76391562101023,188.91308801517113,False,0.0,0.0,0.0
184,1740513600,25-02-25 20:00,188.762,189.039,188.756,188.932,1929,30,0,188.77992365710452,188.913829661635,False,0.0,0.0,0.0
185,1740514500,25-02-25 20:15,188.925,189.005,188.799,188.818,1782,31,0,188.78354997547552,188.91007163568852,False,0.0,0.0,0.0
186,1740515400,25-02-25 20:30,188.817,189.102,188.712,189.064,2185,28,0,188.81025950162072,188.91610804213212,False,0.0,0.0,0.0
187,1740516300,25-02-25 20:45,189.065,189.11,188.893,188.911,2040,30,0,188.81985383479972,188.9159077267544,False,0.0,0.0,0.0
188,1740517200,25-02-25 21:00,188.912,188.924,188.696,188.74,2070,31,0,188.81224870767593,188.90900938452876,False,0.0,0.0,0.0
189,1740518100,25-02-25 21:15,188.741,188.797,188.686,188.742,2214,31,0,188.80555835456394,188.90245999690018,False,0.0,0.0,0.0
190,1740519000,25-02-25 21:30,188.742,188.908,188.702,188.9,2456,31,0,188.81455279698642,188.9023635264335,False,0.0,0.0,0.0
191,1740519900,25-02-25 21:45,188.899,188.921,188.814,188.86,2091,31,0,188.81888110203533,188.90070221167142,False,0.0,0.0,0.0
192,1740520800,25-02-25 22:00,188.859,188.903,188.768,188.797,1792,31,0,188.81679718755578,188.89663545827253,False,0.0,0.0,0.0
193,1740521700,25-02-25 22:15,188.798,188.97,188.789,188.891,1759,31,0,188.82386412207427,188.89641445990893,False,0.0,0.0,0.0
194,1740522600,25-02-25 22:30,188.888,188.902,188.736,188.751,2233,31,0,188.81692468187674,188.89071193206937,False,0.0,0.0,0.0
195,1740523500,25-02-25 22:45,188.747,188.803,188.656,188.718,1862,31,0,188.80750328360276,188.8839389151255,False,0.0,0.0,0.0
196,1740524400,25-02-25 23:00,188.718,188.846,188.693,188.805,1107,31,0,188.8072648756406,188.8808432713951,False,0.0,0.0,0.0
197,1740525300,25-02-25 23:15,188.805,188.824,188.764,188.799,778,31,0,188.80647774462722,188.87763373134038,False,0.0,0.0,0.0
198,1740526200,25-02-25 23:30,188.799,188.799,188.71,188.72,678,32,0,188.79824176894843,188.87145201638586,False,0.0,0.0,0.0
199,1740527100,25-02-25 23:45,188.72,188.744,188.681,188.731,733,32,0,188.79183779095334,188.86594409417464,False,0.0,0.0,0.0
200,1740528000,25-02-26 00:00,188.606,188.643,188.595,188.613,22,241,0,188.77480562038636,188.85602471793248,False,0.0,0.0,0.0
201,1740528900,25-02-26 00:15,188.672,188.754,188.651,188.693,197,137,0,188.767014608921,188.84963159173907,False,0.0,0.0,0.0
202,1740529800,25-02-26 00:30,188.693,188.714,188.678,188.714,87,94,0,188.76196559854756,188.84431270578852,False,0.0,0.0,0.0
203,1740530700,25-02-26 00:45,188.714,188.849,188.685,188.849,242,78,0,188.77025458916208,188.8444965212478,False,0.0,0.0,0.0
204,1740531600,25-02-26 01:00,188.847,188.985,188.81,188.828,672,32,0,188.775754152099,188.84384959884594,False,0.0,0.0,0.0
205,1740532500,25-02-26 01:15,188.828,188.842,188.715,188.715,480,34,0,188.7699680423753,188.83879667340102,False,0.0,0.0,0.0
206,1740533400,25-02-26 01:30,188.716,188.777,188.653,188.722,564,34,0,188.76539965738718,188.83421641169903,False,0.0,0.0,0.0
207,1740534300,25-02-26 01:45,188.722,188.938,188.659,188.862,990,32,0,188.77459969001697,188.83530596418143,False,0.0,0.0,0.0
208,1740535200,25-02-26 02:00,188.863,188.893,188.419,188.44,1514,25,0,188.7427330528725,188.81980376950764,False,0.0,0.0,0.0
209,1740536100,25-02-26 02:15,188.44,188.624,188.38,188.6,925,32,0,188.72913942878938,188.8111840138407,False,0.0,0.0,0.0
210,1740537000,25-02-26 02:30,188.593,188.67,188.461,188.491,1186,25,0,188.7064594831904,188.7986277780038,False,0.0,0.0,0.0
211,1740537900,25-02-26 02:45,188.493,188.747,188.48,188.737,1545,31,0,188.70936810383893,188.7962110023958,False,0.0,0.0,0.0
212,1740538800,25-02-26 03:00,188.736,188.875,188.482,188.488,1600,33,0,188.68828542728284,188.7841242964195,False,0.0,0.0,0.0
213,1740539700,25-02-26 03:15,188.488,188.916,188.458,188.843,1316,35,0,188.70302014849398,188.78643314754032,False,0.0,0.0,0.0
214,1740540600,25-02-26 03:30,188.837,188.919,188.742,188.879,1398,29,0,188.71978013435168,188.7900632201858,False,0.0,0.0,0.0
215,1740541500,25-02-26 03:45,188.878,188.985,188.84,188.968,1376,25,0,188.74342012155626,188.7970411331197,False,0.0,0.0,0.0
216,1740542400,25-02-26 04:00,188.969,189.079,188.913,189.027,1413,32,0,188.7704277290271,188.80605912789932,False,0.0,0.0,0.0
217,1740543300,25-02-26 04:15,189.026,189.027,188.898,188.962,1224,32,0,188.78867270721497,188.81217445621698,False,0.0,0.0,0.0
218,1740544200,25-02-26 04:30,188.962,189.039,188.893,188.981,1604,31,0,188.8069895922421,188.81879506577712,False,0.0,0.0,0.0
219,1740545100,25-02-26 04:45,188.981,189.162,188.931,189.131,1596,31,0,188.83784772631427,188.83103839653097,True,189.98940400867258,189.162,188.83103839653097
220,1740546000,25-02-26 05:00,189.132,189.205,189.101,189.115,1547,27,0,188.864243180951,188.8421741456866,False,0.0,0.0,0.0
221,1740546900,25-02-26 05:15,189.115,189.124,188.954,189.022,1328,31,0,188.87926763990805,188.8492261399734,False,0.0,0.0,0.0
222,1740547800,25-02-26 05:30,189.025,189.084,188.937,188.978,1601,31,0,188.8886707218216,188.85427609526857,False,0.0,0.0,0.0
223,1740548700,25-02-26 05:45,188.978,189.018,188.864,188.969,1345,31,0,188.89632112926714,188.85877507192473,False,0.0,0.0,0.0
224,1740549600,25-02-26 06:00,188.968,189.047,188.94,189.047,1164,31,0,188.91067149790837,188.86615644165317,False,0.0,0.0,0.0
225,1740550500,25-02-26 06:15,189.047,189.107,188.851,188.89,1305,30,0,188.90870278382184,188.86709148315697,False,0.0,0.0,0.0
226,1740551400,25-02-26 06:30,188.89,188.912,188.814,188.887,1403,32,0,188.9066358520293,188.86787220930768,False,0.0,0.0,0.0
227,1740552300,25-02-26 06:45,188.888,188.937,188.868,188.893,1194,31,0,188.9053371994551,188.86885761286425,False,0.0,0.0,0.0
228,1740553200,25-02-26 07:00,188.893,189.071,188.893,189.037,1651,31,0,188.9178765137927,188.8754514319676,False,0.0,0.0,0.0
229,1740554100,25-02-26 07:15,189.037,189.096,188.976,188.978,1804,31,0,188.92360256009817,188.87947294443947,False,0.0,0.0,0.0
230,1740555000,25-02-26 07:30,188.978,189.045,188.961,189.033,1743,31,0,188.93402136389835,188.88549361328498,False,0.0,0.0,0.0
231,1740555900,25-02-26 07:45,189.036,189.045,188.805,188.847,1546,25,0,188.92573361495565,188.88398405982284,False,0.0,0.0,0.0
232,1740556800,25-02-26 08:00,188.847,188.957,188.826,188.831,1778,31,0,188.91671136591225,188.8819062535553,False,0.0,0.0,0.0
233,1740557700,25-02-26 08:15,188.831,189.024,188.83,189.003,1571,31,0,188.92492933106348,188.88665502792568,False,0.0,0.0,0.0
234,1740558600,25-02-26 08:30,189.003,189.096,188.984,189.011,1775,28,0,188.93312653762888,188.89153130134036,False,0.0,0.0,0.0
235,1740559500,25-02-26 08:45,189.011,189.206,189.009,189.175,1807,31,0,188.95616210547377,188.90264772089563,False,0.0,0.0,0.0
236,1740560400,25-02-26 09:00,189.176,189.225,189.017,189.089,1893,31,0,188.96881333352388,188.90995565340955,False,0.0,0.0,0.0
237,1740561300,25-02-26 09:15,189.088,189.096,188.934,188.975,1999,26,0,188.96940253985494,188.9125064120994,False,0.0,0.0,0.0
238,1740562200,25-02-26 09:30,188.973,189.106,188.928,189.104,2135,31,0,188.98222134558307,188.9200159645661,False,0.0,0.0,0.0
239,1740563100,25-02-26 09:45,189.104,189.156,189.033,189.114,2047,25,0,188.99477169362277,188.92762318164193,False,0.0,0.0,0.0
240,1740564000,25-02-26 10:00,189.113,189.215,188.981,189.177,2716,30,0,189.0121267704206,188.93740266471482,False,0.0,0.0,0.0
241,1740564900,25-02-26 10:15,189.166,189.24,189.075,189.195,2241,30,0,189.02954326847578,188.94750452100052,False,0.0,0.0,0.0
242,1740565800,25-02-26 10:30,189.197,189.204,188.786,188.8,2220,31,0,189.00768200481141,188.9417200299809,False,0.0,0.0,0.0
243,1740566700,25-02-26 10:45,188.8,188.874,188.706,188.863,2149,31,0,188.99390276625795,188.93863296998165,False,0.0,0.0,0.0
244,1740567600,25-02-26 11:00,188.862,189.037,188.839,188.871,1931,30,0,188.98219774090003,188.93598069664907,False,0.0,0.0,0.0
245,1740568500,25-02-26 11:15,188.871,189.059,188.861,188.984,1847,31,0,188.98236938462384,188.9378638065844,False,0.0,0.0,0.0
246,1740569400,25-02-26 11:30,188.98,189.029,188.924,188.986,1764,32,0,188.9827151575168,188.93975150044386,False,0.0,0.0,0.0
247,1740570300,25-02-26 11:45,188.985,189.054,188.898,188.98,1652,31,0,188.98245657108663,188.94132987297547,False,0.0,0.0,0.0
248,1740571200,25-02-26 12:00,188.981,189.014,188.814,188.841,1834,31,0,188.96898451669745,188.93739536815292,False,0.0,0.0,0.0
249,1740572100,25-02-26 12:15,188.841,188.857,188.764,188.793,1757,31,0,188.95222408653578,188.93173280469597,False,0.0,0.0,0.0
250,1740573000,25-02-26 12:30,188.792,188.916,188.774,188.867,1694,31,0,188.94410750686572,188.92919426333535,False,0.0,0.0,0.0
251,1740573900,25-02-26 12:45,188.871,189.065,188.869,189.056,1477,31,0,188.95476393478327,188.9341670373222,False,0.0,0.0,0.0
252,1740574800,25-02-26 13:00,189.057,189.1,189.02,189.076,1322,31,0,188.96631022670869,188.93972911428997,False,0.0,0.0,0.0
253,1740575700,25-02-26 13:15,189.076,189.094,188.999,189.022,1418,31,0,188.9716140146412,188.9429554235335,False,0.0,0.0,0.0
254,1740576600,25-02-26 13:30,189.022,189.18,188.984,189.17,1382,31,0,188.99050791800872,188.95185913241454,False,0.0,0.0,0.0
255,1740577500,25-02-26 13:45,189.171,189.183,189.029,189.136,1705,31,0,189.0043643067698,188.9590803429081,False,0.0,0.0,0.0
256,1740578400,25-02-26 14:00,189.139,189.26,189.107,189.182,1559,31,0,189.02128199183934,188.96782229024504,False,0.0,0.0,0.0
257,1740579300,25-02-26 14:15,189.182,189.236,189.11,189.175,1609,29,0,189.03592180214036,188.97594690631385,False,0.0,0.0,0.0
258,1740580200,25-02-26 14:30,189.175,189.226,189.142,189.199,1427,31,0,189.0514530590794,188.9846940864584,False,0.0,0.0,0.0
259,1740581100,25-02-26 14:45,189.199,189.199,188.975,189.143,2072,31,0,189.06017181535753,188.99090216149926,False,0.0,0.0,0.0
260,1740582000,25-02-26 15:00,189.149,189.229,189.058,189.07,2256,29,0,189.06110783294253,188.9940040375189,False,0.0,0.0,0.0
261,1740582900,25-02-26 15:15,189.07,189.137,189.003,189.099,2270,29,0,189.06471661075753,188.99812152624366,False,0.0,0.0,0.0
262,1740583800,25-02-26 15:30,189.099,189.35,189.095,189.229,2141,25,0,189.08036264782822,189.00717558403804,False,0.0,0.0,0.0
263,1740584700,25-02-26 15:45,189.229,189.27,189.151,189.21,2088,31,0,189.09270906232078,189.0151294827032,False,0.0,0.0,0.0
264,1740585600,25-02-26 16:00,189.212,189.485,189.197,189.41,2361,31,0,189.12292724686165,189.0306146010286,False,0.0,0.0,0.0
265,1740586500,25-02-26 16:15,189.41,189.483,189.225,189.271,2322,31,0,189.1370294138272,189.0400414794196,False,0.0,0.0,0.0
266,1740587400,25-02-26 16:30,189.269,189.304,189.003,189.304,2719,32,0,189.1529313744151,189.0503927939522,False,0.0,0.0,0.0
267,1740588300,25-02-26 16:45,189.303,189.647,189.274,189.518,2431,25,0,189.18769981494697,189.06873033144427,False,0.0,0.0,0.0
268,1740589200,25-02-26 17:00,189.519,189.755,189.478,189.733,2668,31,0,189.23963316590442,189.09478012236804,False,0.0,0.0,0.0
269,1740590100,25-02-26 17:15,189.732,189.822,189.618,189.664,2574,25,0,189.2800490548659,189.11710247051045,False,0.0,0.0,0.0
270,1740591000,25-02-26 17:30,189.66,189.848,189.565,189.696,2952,31,0,189.31966343059298,189.13980433441202,False,0.0,0.0,0.0
271,1740591900,25-02-26 17:45,189.696,189.838,189.579,189.761,2956,31,0,189.3616954848222,189.1641649487488,False,0.0,0.0,0.0
272,1740592800,25-02-26 18:00,189.761,189.821,189.563,189.687,2495,31,0,189.3926768672201,189.184668284092,False,0.0,0.0,0.0
273,1740593700,25-02-26 18:15,189.687,189.702,189.475,189.497,2114,31,0,189.40261240367533,189.19691658667662,False,0.0,0.0,0.0
274,1740594600,25-02-26 18:30,189.495,189.583,189.401,189.552,2333,31,0,189.4168397938015,189.2108414264148,False,0.0,0.0,0.0
275,1740595500,25-02-26 18:45,189.553,189.612,189.268,189.295,2490,31,0,189.40523600391563,189.21414176263383,False,0.0,0.0,0.0
276,1740596400,25-02-26 19:00,189.296,189.441,189.25,189.424,2554,31,0,189.40702305116176,189.2223714974325,False,0.0,0.0,0.0
277,1740597300,25-02-26 19:15,189.424,189.503,189.271,189.477,2618,27,0,189.41368752247968,189.23235692890574,False,0.0,0.0,0.0
278,1740598200,25-02-26 19:30,189.476,189.55,189.131,189.249,3055,31,0,189.39800299652921,189.23300959836044,False,0.0,0.0,0.0
279,1740599100,25-02-26 19:45,189.249,189.254,189.041,189.175,2255,25,0,189.3767646159074,189.23073471215022,False,0.0,0.0,0.0
280,1740600000,25-02-26 20:00,189.174,189.201,189.096,189.143,2386,31,0,189.3545013191543,189.22729413520315,False,0.0,0.0,0.0
281,1740600900,25-02-26 20:15,189.143,189.271,189.002,189.015,2426,31,0,189.32216786018722,189.21896887499912,False,0.0,0.0,0.0
282,1740601800,25-02-26 20:30,189.006,189.086,188.964,189.052,2418,31,0,189.29643758778843,189.21242107597953,False,0.0,0.0,0.0
283,1740602700,25-02-26 20:45,189.052,189.075,188.699,188.842,2345,31,0,189.2531578175229,189.19789475927445,False,0.0,0.0,0.0
284,1740603600,25-02-26 21:00,188.838,188.854,188.621,188.656,2764,31,0,189.19628564442547,189.17664398440093,False,0.0,0.0,0.0
285,1740604500,25-02-26 21:15,188.656,188.846,188.607,188.777,2450,31,0,189.15635367828972,189.16097167128717,True,0.0,0.0,0.0
286,1740605400,25-02-26 21:30,188.775,188.899,188.741,188.884,2162,31,0,189.13041523273833,189.15011003711905,False,0.0,0.0,0.0
287,1740606300,25-02-26 21:45,188.891,188.913,188.742,188.771,1963,25,0,189.09618521057277,189.13524297683986,False,0.0,0.0,0.0
288,1740607200,25-02-26 22:00,188.785,188.828,188.693,188.711,1905,31,0,189.05950090480394,189.11860599735593,False,0.0,0.0,0.0
289,1740608100,25-02-26 22:15,188.711,188.812,188.675,188.712,1926,31,0,189.0264055805369,189.1026606641263,False,0.0,0.0,0.0
290,1740609000,25-02-26 22:30,188.704,188.897,188.688,188.888,1714,29,0,189.01322409667625,189.09424259886646,False,0.0,0.0,0.0
291,1740609900,25-02-26 22:45,188.887,188.941,188.811,188.876,1716,31,0,189.00015513508805,189.0856840655776,False,0.0,0.0,0.0
292,1740610800,25-02-26 23:00,188.877,188.916,188.843,188.88,1149,31,0,188.9887117888892,189.07761802379025,False,0.0,0.0,0.0
293,1740611700,25-02-26 23:15,188.881,189.103,188.847,188.965,1763,30,0,188.9864535232807,189.07320163070045,False,0.0,0.0,0.0
294,1740612600,25-02-26 23:30,188.964,188.987,188.905,188.952,1212,32,0,188.98317223534917,189.06844862557494,False,0.0,0.0,0.0
295,1740613500,25-02-26 23:45,188.944,189.0,188.904,188.979,1151,34,0,188.98277487960164,189.06494083633672,False,0.0,0.0,0.0
296,1740615300,25-02-27 00:15,188.721,188.865,188.713,188.857,69,163,0,188.9707963196396,189.05678629373529,False,0.0,0.0,0.0
297,1740616200,25-02-27 00:30,188.857,188.914,188.845,188.872,100,138,0,188.96138714634057,189.04953977241234,False,0.0,0.0,0.0
298,1740617100,25-02-27 00:45,188.872,188.876,188.745,188.774,106,145,0,188.943540751451,189.03873429114128,False,0.0,0.0,0.0
299,1740618000,25-02-27 01:00,188.769,188.871,188.757,188.766,539,40,0,188.92663210845566,189.02803882874358,False,0.0,0.0,0.0
